1688632251.3064 0.0000 0.0000 0.0000 0.0000 0.0000 0.0000 1.0000
1688632251.4051 0.4298 0.0199 0.0007 -0.0001 0.0004 0.0011 1.0000
1688632251.5039 1.0789 0.0167 0.0113 -0.0003 0.0004 0.0025 1.0000
1688632251.6053 1.6632 -0.0109 0.0285 -0.0004 0.0003 0.0042 1.0000
1688632251.7029 2.0830 -0.0188 0.0381 -0.0002 0.0001 0.0061 1.0000
1688632251.8023 2.4500 0.0330 0.0313 -0.0003 0.0002 0.0080 1.0000
1688632251.9052 2.9264 0.1001 0.0267 -0.0008 0.0005 0.0103 0.9999
1688632252.0032 3.4750 0.1403 0.0150 -0.0012 0.0008 0.0123 0.9999
1688632252.1047 3.9819 0.1294 0.0288 -0.0013 0.0009 0.0141 0.9999
1688632252.2037 4.4263 0.1094 0.0481 -0.0011 0.0010 0.0164 0.9999
1688632252.3034 4.8377 0.1170 0.0599 -0.0008 0.0010 0.0190 0.9998
1688632252.4016 5.2797 0.1781 0.0591 -0.0009 0.0007 0.0217 0.9998
1688632252.5023 5.7580 0.2396 0.0574 -0.0013 0.0002 0.0243 0.9997
1688632252.6023 6.2400 0.2773 0.0475 -0.0016 -0.0001 0.0266 0.9996
1688632252.7013 6.7212 0.2942 0.0476 -0.0016 -0.0000 0.0297 0.9996
1688632252.8038 7.1805 0.3075 0.0702 -0.0015 0.0003 0.0336 0.9994
1688632252.9025 7.6305 0.3433 0.0870 -0.0014 0.0004 0.0375 0.9993
1688632253.0023 8.0853 0.4154 0.0887 -0.0016 0.0005 0.0413 0.9991
1688632253.1022 8.5462 0.4971 0.0778 -0.0017 0.0005 0.0451 0.9990
1688632253.2043 9.0278 0.5506 0.0803 -0.0022 0.0006 0.0496 0.9988
1688632253.3026 9.4937 0.6045 0.0968 -0.0025 0.0004 0.0551 0.9985
1688632253.4039 9.9551 0.6618 0.1092 -0.0025 0.0003 0.0615 0.9981
1688632253.5033 10.4173 0.7315 0.0980 -0.0020 0.0011 0.0689 0.9976
1688632253.6014 10.9132 0.8191 0.0962 -0.0017 0.0031 0.0772 0.9970
1688632253.7015 11.4153 0.9177 0.1536 -0.0022 0.0055 0.0865 0.9962
1688632253.8018 11.8696 1.0354 0.2082 -0.0031 0.0067 0.0967 0.9953
1688632253.9032 12.2977 1.1628 0.2024 -0.0037 0.0053 0.1077 0.9942
1688632254.0037 12.7506 1.2922 0.1386 -0.0029 0.0023 0.1199 0.9928
1688632254.1020 13.1940 1.4272 0.1005 -0.0020 0.0007 0.1325 0.9912
1688632254.2026 13.6528 1.5750 0.1108 -0.0014 0.0014 0.1459 0.9893
1688632254.3025 14.1196 1.7463 0.1783 -0.0019 0.0036 0.1598 0.9871
1688632254.4039 14.5498 1.9287 0.2331 -0.0029 0.0053 0.1736 0.9848
1688632254.5020 14.9506 2.1355 0.2389 -0.0038 0.0053 0.1880 0.9821
1688632254.6032 15.3489 2.3461 0.1891 -0.0044 0.0037 0.2035 0.9791
1688632254.7015 15.7687 2.5705 0.1513 -0.0041 0.0020 0.2203 0.9754
1688632254.8042 16.1926 2.8023 0.1713 -0.0057 0.0020 0.2379 0.9713
1688632254.9020 16.6028 3.0589 0.1915 -0.0073 0.0040 0.2560 0.9667
1688632255.0020 16.9736 3.3480 0.2177 -0.0084 0.0065 0.2742 0.9616
1688632255.1018 17.3312 3.6563 0.2365 -0.0103 0.0083 0.2923 0.9562
1688632255.2038 17.6996 3.9703 0.2139 -0.0123 0.0090 0.3104 0.9505
1688632255.3013 18.0573 4.2723 0.1907 -0.0143 0.0088 0.3287 0.9443
1688632255.4034 18.4017 4.5804 0.1844 -0.0147 0.0085 0.3470 0.9377
1688632255.5017 18.7226 4.9294 0.1962 -0.0139 0.0079 0.3652 0.9308
1688632255.6033 19.0301 5.2869 0.2163 -0.0140 0.0068 0.3832 0.9235
1688632255.7033 19.3195 5.6706 0.1994 -0.0154 0.0069 0.4011 0.9159
1688632255.8019 19.5967 6.0572 0.1694 -0.0175 0.0080 0.4191 0.9078
1688632255.9028 19.8764 6.4543 0.1574 -0.0203 0.0088 0.4374 0.8990
1688632256.0031 20.1330 6.8600 0.1547 -0.0221 0.0091 0.4554 0.8900
1688632256.1021 20.3517 7.2831 0.1748 -0.0238 0.0081 0.4726 0.8809
1688632256.2016 20.5703 7.7183 0.1460 -0.0238 0.0061 0.4898 0.8715
1688632256.3013 20.7926 8.1221 0.1645 -0.0194 0.0035 0.5068 0.8619
1688632256.4029 20.9809 8.5371 0.1992 -0.0141 -0.0019 0.5235 0.8519
1688632256.5018 21.1465 8.9776 0.1958 -0.0119 -0.0093 0.5402 0.8414
1688632256.6027 21.2883 9.4321 0.1262 -0.0130 -0.0146 0.5560 0.8310
1688632256.7017 21.4305 9.9091 0.0598 -0.0143 -0.0157 0.5707 0.8209
1688632256.8027 21.5694 10.3901 0.0777 -0.0127 -0.0115 0.5849 0.8109
1688632256.9020 21.7009 10.8610 0.1829 -0.0133 -0.0045 0.5984 0.8011
1688632257.0037 21.8048 11.3312 0.2444 -0.0139 0.0007 0.6107 0.7917
1688632257.1025 21.9027 11.8174 0.2303 -0.0135 -0.0003 0.6221 0.7828
1688632257.2013 21.9837 12.3213 0.1748 -0.0113 -0.0050 0.6326 0.7744
1688632257.3025 22.0513 12.8183 0.1589 -0.0104 -0.0086 0.6418 0.7667
1688632257.4035 22.1217 13.3239 0.1618 -0.0112 -0.0088 0.6500 0.7598
1688632257.5018 22.1813 13.8245 0.1784 -0.0122 -0.0065 0.6566 0.7541
1688632257.6029 22.2255 14.3395 0.1969 -0.0121 -0.0038 0.6618 0.7496
1688632257.7015 22.2829 14.8748 0.2255 -0.0108 -0.0025 0.6664 0.7455
1688632257.8029 22.3312 15.4070 0.2317 -0.0080 -0.0025 0.6712 0.7412
1688632257.9026 22.3647 15.9133 0.2362 -0.0059 -0.0036 0.6758 0.7370
1688632258.0026 22.3979 16.4181 0.2308 -0.0050 -0.0046 0.6795 0.7337
1688632258.1022 22.4307 16.9549 0.2174 -0.0048 -0.0043 0.6823 0.7310
1688632258.2013 22.4597 17.5124 0.2247 -0.0049 -0.0030 0.6844 0.7291
1688632258.3021 22.4730 18.0724 0.2459 -0.0057 -0.0013 0.6860 0.7276
1688632258.4015 22.4894 18.6165 0.2523 -0.0065 0.0008 0.6878 0.7259
1688632258.5013 22.5311 19.1497 0.2563 -0.0057 0.0028 0.6897 0.7241
1688632258.6016 22.5747 19.6839 0.2768 -0.0045 0.0036 0.6914 0.7224
1688632258.7017 22.5855 20.2460 0.2871 -0.0041 0.0023 0.6927 0.7212
1688632258.8025 22.5808 20.8193 0.2677 -0.0042 0.0005 0.6937 0.7203
1688632258.9015 22.5812 21.3931 0.2554 -0.0045 -0.0004 0.6946 0.7194
1688632259.0017 22.5928 21.9513 0.2681 -0.0045 0.0001 0.6957 0.7183
1688632259.1031 22.6035 22.4980 0.2869 -0.0042 0.0013 0.6970 0.7170
1688632259.2017 22.6202 23.0747 0.3083 -0.0037 0.0013 0.6985 0.7156
1688632259.3022 22.6241 23.6654 0.3093 -0.0033 0.0009 0.7000 0.7142
1688632259.4026 22.6340 24.2459 0.3050 -0.0042 0.0013 0.7009 0.7132
1688632259.5018 22.6505 24.8218 0.3070 -0.0051 0.0022 0.7018 0.7124
1688632259.6033 22.6554 25.4068 0.3108 -0.0044 0.0030 0.7025 0.7117
1688632259.7016 22.6403 25.9940 0.3325 -0.0038 0.0030 0.7033 0.7109
1688632259.8016 22.6230 26.5721 0.3408 -0.0039 0.0032 0.7040 0.7102
1688632259.9025 22.6200 27.1605 0.3354 -0.0047 0.0037 0.7042 0.7100
1688632260.0022 22.6159 27.7393 0.3247 -0.0055 0.0027 0.7042 0.7100
1688632260.1015 22.6271 28.3195 0.3351 -0.0049 -0.0001 0.7045 0.7097
1688632260.2013 22.6175 28.8951 0.3564 -0.0040 -0.0018 0.7051 0.7091
1688632260.3019 22.6151 29.4985 0.3704 -0.0042 -0.0041 0.7059 0.7082
1688632260.4038 22.6079 30.0865 0.3643 -0.0064 -0.0065 0.7065 0.7076
1688632260.5012 22.5934 30.7013 0.3459 -0.0097 -0.0069 0.7062 0.7079
1688632260.6008 22.5807 31.3257 0.3525 -0.0138 -0.0046 0.7058 0.7083
1688632260.7019 22.5616 31.9538 0.3690 -0.0181 -0.0017 0.7055 0.7085
1688632260.8013 22.5450 32.5663 0.3618 -0.0216 -0.0005 0.7046 0.7092
1688632260.9030 22.5512 33.1732 0.3492 -0.0211 -0.0025 0.7039 0.7100
1688632261.0018 22.5584 33.7699 0.3592 -0.0167 -0.0065 0.7030 0.7110
1688632261.1019 22.5721 34.3816 0.3897 -0.0117 -0.0103 0.7018 0.7122
1688632261.2017 22.5903 35.0348 0.4100 -0.0092 -0.0133 0.7001 0.7139
1688632261.3021 22.5956 35.6877 0.3861 -0.0103 -0.0136 0.6988 0.7151
1688632261.4022 22.5984 36.3578 0.3525 -0.0134 -0.0101 0.6978 0.7161
1688632261.5015 22.6083 37.0081 0.3540 -0.0146 -0.0055 0.6967 0.7172
1688632261.6015 22.6292 37.6463 0.3908 -0.0131 -0.0038 0.6955 0.7184
1688632261.7017 22.6587 38.2958 0.4296 -0.0110 -0.0043 0.6942 0.7197
1688632261.8019 22.6802 38.9743 0.4337 -0.0104 -0.0056 0.6931 0.7208
1688632261.9028 22.7035 39.6603 0.4052 -0.0104 -0.0050 0.6926 0.7212
1688632262.0028 22.7354 40.3449 0.3883 -0.0092 -0.0024 0.6926 0.7212
1688632262.1020 22.7721 41.0217 0.4117 -0.0073 0.0011 0.6925 0.7214
1688632262.2027 22.7943 41.7110 0.4479 -0.0058 0.0041 0.6917 0.7221
1688632262.3026 22.8247 42.4278 0.4554 -0.0055 0.0037 0.6910 0.7228
1688632262.4014 22.8432 43.1508 0.4288 -0.0055 0.0018 0.6910 0.7228
1688632262.5023 22.8744 43.8603 0.4114 -0.0040 -0.0001 0.6912 0.7226
1688632262.6022 22.9031 44.5575 0.4447 -0.0021 -0.0015 0.6915 0.7224
1688632262.7018 22.9244 45.2714 0.4807 -0.0021 -0.0031 0.6918 0.7221
1688632262.8020 22.9550 45.9946 0.4702 -0.0039 -0.0038 0.6919 0.7219
1688632262.9015 22.9817 46.7336 0.4542 -0.0060 -0.0024 0.6919 0.7219
1688632263.0024 23.0060 47.4794 0.4642 -0.0078 -0.0010 0.6920 0.7219
1688632263.1027 23.0222 48.2209 0.4935 -0.0083 -0.0006 0.6916 0.7222
1688632263.2022 23.0456 48.9640 0.5033 -0.0078 -0.0011 0.6913 0.7225
1688632263.3023 23.0850 49.7220 0.4908 -0.0074 -0.0009 0.6911 0.7227
1688632263.4030 23.1204 50.4842 0.4883 -0.0066 0.0012 0.6911 0.7227
1688632263.5021 23.1597 51.2488 0.5133 -0.0052 0.0031 0.6910 0.7228
1688632263.6025 23.1752 52.0247 0.5332 -0.0043 0.0028 0.6907 0.7231
1688632263.7018 23.2016 52.7987 0.5367 -0.0046 0.0007 0.6904 0.7234
1688632263.8020 23.2387 53.5699 0.5081 -0.0056 0.0004 0.6906 0.7232
1688632263.9020 23.2845 54.3580 0.5038 -0.0069 0.0023 0.6907 0.7231
1688632264.0015 23.3290 55.1460 0.5204 -0.0082 0.0065 0.6907 0.7230
1688632264.1033 23.3557 55.9739 0.5501 -0.0103 0.0113 0.6907 0.7230
1688632264.2029 23.3517 56.8019 0.5467 -0.0149 0.0114 0.6912 0.7225
1688632264.3014 23.3668 57.5962 0.4644 -0.0165 0.0076 0.6922 0.7215
1688632264.4031 23.4126 58.3721 0.4149 -0.0093 0.0021 0.6934 0.7205
1688632264.5008 23.4549 59.1555 0.4927 0.0045 -0.0033 0.6940 0.7199
1688632264.6017 23.4782 59.9711 0.6197 0.0138 -0.0071 0.6942 0.7196
1688632264.7028 23.4846 60.8115 0.6423 0.0111 -0.0080 0.6947 0.7192
1688632264.8020 23.5086 61.6777 0.5294 0.0016 -0.0026 0.6955 0.7185
1688632264.9011 23.5399 62.5296 0.4711 -0.0084 0.0073 0.6966 0.7174
1688632265.0025 23.5567 63.3733 0.5389 -0.0139 0.0145 0.6974 0.7164
1688632265.1030 23.5513 64.2211 0.6234 -0.0126 0.0143 0.6981 0.7157
1688632265.2021 23.5512 65.0470 0.6327 -0.0038 0.0044 0.6989 0.7152
1688632265.3014 23.5639 65.8785 0.5832 0.0096 -0.0086 0.6995 0.7145
1688632265.4030 23.5922 66.7247 0.5856 0.0167 -0.0147 0.7002 0.7136
1688632265.5010 23.6133 67.6183 0.5976 0.0113 -0.0094 0.7006 0.7134
1688632265.6016 23.6280 68.5164 0.6053 0.0008 0.0061 0.7003 0.7139
1688632265.7017 23.6465 69.3832 0.6629 -0.0051 0.0197 0.6998 0.7140
1688632265.8024 23.6613 70.2524 0.7601 -0.0009 0.0225 0.6998 0.7140
1688632265.9018 23.6659 71.1238 0.7609 0.0054 0.0129 0.7004 0.7136
1688632266.0042 23.6852 72.0145 0.6842 0.0106 0.0009 0.7010 0.7130
1688632266.1017 23.6934 72.9162 0.6336 0.0121 -0.0036 0.7019 0.7121
1688632266.2016 23.6984 73.8035 0.6490 0.0083 0.0007 0.7027 0.7114
1688632266.3012 23.6997 74.6993 0.7260 0.0039 0.0106 0.7030 0.7111
1688632266.4018 23.6812 75.6086 0.8125 0.0005 0.0150 0.7033 0.7108
1688632266.5028 23.6755 76.5290 0.8192 0.0009 0.0108 0.7036 0.7106
1688632266.6018 23.7008 77.4432 0.7462 0.0030 0.0039 0.7039 0.7103
1688632266.7031 23.7167 78.3760 0.7054 0.0038 0.0016 0.7042 0.7100
1688632266.8016 23.7163 79.3076 0.7270 0.0034 0.0056 0.7040 0.7102
1688632266.9019 23.6974 80.2408 0.8117 0.0019 0.0110 0.7038 0.7103
1688632267.0010 23.6857 81.1678 0.8533 0.0000 0.0118 0.7041 0.7101
1688632267.1016 23.6874 82.0907 0.8215 -0.0004 0.0087 0.7044 0.7098
1688632267.2015 23.7143 83.0377 0.7699 -0.0005 0.0060 0.7048 0.7094
1688632267.3014 23.7116 84.0060 0.7552 0.0006 0.0063 0.7046 0.7096
1688632267.4023 23.7150 84.9661 0.7990 0.0036 0.0071 0.7042 0.7100
1688632267.5018 23.7154 85.8974 0.8646 0.0066 0.0061 0.7041 0.7100
1688632267.6018 23.7171 86.8622 0.8697 0.0068 0.0050 0.7040 0.7102
1688632267.7024 23.7292 87.8423 0.8329 0.0045 0.0057 0.7034 0.7107
1688632267.8016 23.7323 88.8124 0.8346 0.0018 0.0077 0.7025 0.7117
1688632267.9033 23.7259 89.7801 0.8585 0.0030 0.0096 0.7016 0.7125
1688632268.0015 23.7443 90.7651 0.9089 0.0063 0.0095 0.7010 0.7131
1688632268.1018 23.7630 91.7499 0.9378 0.0077 0.0095 0.7003 0.7137
1688632268.2020 23.7822 92.7372 0.9071 0.0051 0.0110 0.7003 0.7138
1688632268.3016 23.7983 93.6943 0.8831 0.0033 0.0135 0.7003 0.7137
1688632268.4038 23.7956 94.6655 0.9127 0.0039 0.0132 0.7003 0.7138
1688632268.5030 23.8161 95.6506 0.9497 0.0057 0.0110 0.7003 0.7138
1688632268.6022 23.8389 96.6425 0.9480 0.0064 0.0106 0.7002 0.7138
1688632268.7020 23.8565 97.6358 0.9487 0.0045 0.0128 0.7003 0.7137
1688632268.8011 23.8820 98.6215 0.9560 0.0021 0.0149 0.7008 0.7132
1688632268.9021 23.8940 99.5984 0.9552 0.0021 0.0150 0.7014 0.7126
1688632269.0020 23.8935 100.5712 0.9615 0.0039 0.0135 0.7020 0.7120
1688632269.1020 23.9114 101.5506 0.9667 0.0058 0.0128 0.7022 0.7119
1688632269.2017 23.9108 102.5329 0.9762 0.0051 0.0131 0.7022 0.7118
1688632269.3011 23.9015 103.5323 0.9656 0.0039 0.0138 0.7025 0.7115
1688632269.4010 23.9159 104.5301 0.9680 0.0033 0.0138 0.7030 0.7111
1688632269.5012 23.9327 105.5259 0.9732 0.0033 0.0140 0.7033 0.7107
1688632269.6031 23.9408 106.5093 0.9891 0.0027 0.0144 0.7032 0.7108
1688632269.7018 23.9330 107.5004 1.0011 0.0013 0.0155 0.7032 0.7108
1688632269.8034 23.9110 108.4970 1.0003 0.0003 0.0156 0.7033 0.7107
1688632269.9024 23.9113 109.4935 0.9732 -0.0016 0.0132 0.7035 0.7106
1688632270.0035 23.9240 110.4924 0.9393 0.0001 0.0124 0.7035 0.7106
1688632270.1029 23.9199 111.4637 1.0028 0.0048 0.0103 0.7034 0.7107
1688632270.2042 23.9354 112.4233 1.0315 0.0106 0.0002 0.7034 0.7108
1688632270.3017 23.9502 113.4029 1.0512 0.0162 -0.0073 0.7033 0.7107
1688632270.4035 23.9489 114.4226 1.0317 0.0133 -0.0036 0.7033 0.7107
1688632270.5019 23.9482 115.4581 1.0303 0.0011 0.0100 0.7031 0.7110
1688632270.6020 23.9597 116.4543 1.0927 -0.0072 0.0215 0.7025 0.7113
1688632270.7008 23.9726 117.4202 1.1666 -0.0037 0.0207 0.7021 0.7118
1688632270.8029 23.9908 118.3789 1.1628 0.0067 0.0093 0.7019 0.7122
1688632270.9018 24.0027 119.3683 1.0852 0.0145 0.0006 0.7017 0.7123
1688632271.0029 24.0126 120.3729 1.0330 0.0132 0.0030 0.7013 0.7128
1688632271.1027 24.0083 121.3716 1.0983 0.0056 0.0138 0.7006 0.7134
1688632271.2030 24.0275 122.3587 1.2098 0.0010 0.0231 0.6999 0.7139
1688632271.3016 24.0493 123.3417 1.2622 0.0025 0.0234 0.6999 0.7139
1688632271.4013 24.0582 124.3093 1.1980 0.0073 0.0164 0.6999 0.7140
1688632271.5020 24.0849 125.2930 1.1071 0.0104 0.0108 0.6999 0.7141
1688632271.6032 24.0868 126.2800 1.1006 0.0095 0.0112 0.6997 0.7142
1688632271.7021 24.0827 127.2687 1.1686 0.0076 0.0153 0.6995 0.7145
1688632271.8027 24.1023 128.2513 1.2328 0.0082 0.0176 0.6994 0.7145
1688632271.9015 24.1419 129.2328 1.2509 0.0100 0.0153 0.6993 0.7146
1688632272.0033 24.1583 130.2140 1.2124 0.0105 0.0124 0.6993 0.7147
1688632272.1019 24.1672 131.2159 1.1753 0.0083 0.0125 0.6992 0.7148
1688632272.2017 24.1684 132.1931 1.1950 0.0058 0.0145 0.6991 0.7149
1688632272.3005 24.1927 133.1691 1.2562 0.0043 0.0141 0.6990 0.7150
1688632272.4020 24.2150 134.1541 1.2577 0.0054 0.0115 0.6991 0.7149
1688632272.5015 24.2231 135.1347 1.2578 0.0065 0.0092 0.6992 0.7149
1688632272.6026 24.2273 136.1162 1.2700 0.0059 0.0091 0.6994 0.7147
1688632272.7010 24.2348 137.0984 1.2866 0.0045 0.0096 0.6997 0.7144
1688632272.8015 24.2608 138.0766 1.3077 0.0040 0.0081 0.7000 0.7141
1688632272.9012 24.2552 139.0481 1.3404 0.0030 0.0045 0.7003 0.7139
1688632273.0017 24.2517 140.0155 1.3190 0.0004 0.0010 0.7006 0.7135
1688632273.1013 24.2524 140.9912 1.3201 -0.0020 -0.0005 0.7009 0.7132
1688632273.2026 24.2563 141.9669 1.3590 -0.0043 -0.0008 0.7012 0.7129
1688632273.3013 24.2612 142.9434 1.3841 -0.0076 -0.0013 0.7014 0.7127
1688632273.4027 24.2631 143.9221 1.3846 -0.0117 -0.0017 0.7014 0.7127
1688632273.5022 24.2669 144.8857 1.3837 -0.0150 -0.0020 0.7014 0.7126
1688632273.6024 24.2576 145.8467 1.3983 -0.0159 -0.0034 0.7015 0.7125
1688632273.7014 24.2502 146.8010 1.4212 -0.0153 -0.0060 0.7015 0.7124
1688632273.8041 24.2537 147.7658 1.4020 -0.0160 -0.0083 0.7015 0.7124
1688632273.9011 24.2640 148.7212 1.3682 -0.0186 -0.0082 0.7009 0.7129
1688632274.0029 24.2759 149.6900 1.3695 -0.0207 -0.0054 0.7001 0.7137
1688632274.1011 24.2847 150.6664 1.4056 -0.0214 -0.0022 0.6998 0.7141
1688632274.2018 24.2908 151.6180 1.4265 -0.0202 -0.0008 0.6999 0.7139
1688632274.3016 24.2976 152.5449 1.4437 -0.0209 -0.0017 0.7005 0.7134
1688632274.4025 24.3136 153.4793 1.3839 -0.0229 -0.0033 0.7009 0.7129
1688632274.5025 24.3368 154.4306 1.3181 -0.0210 -0.0016 0.7010 0.7129
1688632274.6039 24.3500 155.3884 1.3584 -0.0164 0.0003 0.7010 0.7130
1688632274.7015 24.3407 156.3393 1.3806 -0.0142 0.0025 0.7011 0.7129
1688632274.8018 24.3659 157.2964 1.3525 -0.0159 0.0082 0.7018 0.7122
1688632274.9020 24.4003 158.2536 1.3099 -0.0183 0.0181 0.7021 0.7117
1688632275.0030 24.4140 159.1821 1.3055 -0.0172 0.0235 0.7022 0.7114
1688632275.1029 24.4183 160.0981 1.3077 -0.0102 0.0222 0.7025 0.7112
1688632275.2019 24.4452 161.0378 1.2953 -0.0027 0.0188 0.7032 0.7107
1688632275.3017 24.4709 161.9970 1.2446 -0.0002 0.0198 0.7037 0.7102
1688632275.4025 24.4780 162.9417 1.2025 -0.0022 0.0252 0.7041 0.7096
1688632275.5021 24.4705 163.8528 1.2190 -0.0017 0.0299 0.7047 0.7089
1688632275.6013 24.4565 164.7509 1.2628 0.0034 0.0298 0.7057 0.7079
1688632275.7021 24.4487 165.6707 1.2382 0.0074 0.0254 0.7070 0.7067
1688632275.8013 24.4718 166.6056 1.1576 0.0074 0.0225 0.7083 0.7056
1688632275.9020 24.4676 167.5526 1.1039 0.0044 0.0252 0.7095 0.7043
1688632276.0017 24.4407 168.4767 1.1476 0.0011 0.0293 0.7106 0.7029
1688632276.1014 24.3996 169.3678 1.2135 0.0012 0.0307 0.7121 0.7014
1688632276.2019 24.3671 170.2552 1.1995 0.0039 0.0287 0.7141 0.6994
1688632276.3014 24.3364 171.1704 1.1181 0.0061 0.0257 0.7167 0.6969
1688632276.4018 24.3079 172.0766 1.0685 0.0050 0.0242 0.7192 0.6943
1688632276.5021 24.2619 172.9708 1.0852 0.0020 0.0241 0.7218 0.6917
1688632276.6018 24.1957 173.8622 1.1191 -0.0005 0.0237 0.7247 0.6886
1688632276.7018 24.1331 174.7563 1.1389 -0.0017 0.0222 0.7280 0.6852
1688632276.8032 24.0621 175.6347 1.1108 -0.0023 0.0196 0.7308 0.6823
1688632276.9008 23.9660 176.5176 1.0642 -0.0027 0.0170 0.7337 0.6792
1688632277.0022 23.8782 177.4048 1.0500 -0.0019 0.0165 0.7372 0.6755
1688632277.1024 23.7749 178.2692 1.0721 -0.0020 0.0156 0.7412 0.6711
1688632277.2018 23.6709 179.1358 1.0749 -0.0025 0.0144 0.7459 0.6659
1688632277.3009 23.5531 179.9899 1.0633 -0.0034 0.0143 0.7509 0.6603
1688632277.4033 23.4011 180.8423 1.0570 -0.0057 0.0143 0.7560 0.6544
1688632277.5019 23.2381 181.6968 1.0564 -0.0091 0.0141 0.7617 0.6477
1688632277.6021 23.0713 182.5359 1.0501 -0.0119 0.0129 0.7679 0.6403
1688632277.7032 22.8885 183.3632 1.0332 -0.0133 0.0116 0.7746 0.6322
1688632277.8026 22.6776 184.1837 1.0246 -0.0145 0.0100 0.7817 0.6234
1688632277.9029 22.4506 184.9933 1.0163 -0.0161 0.0088 0.7889 0.6143
1688632278.0021 22.2172 185.7956 1.0021 -0.0175 0.0087 0.7961 0.6049
1688632278.1029 21.9700 186.5893 0.9934 -0.0188 0.0087 0.8036 0.5948
1688632278.2035 21.6888 187.3489 0.9847 -0.0205 0.0080 0.8112 0.5844
1688632278.3016 21.3832 188.1106 0.9492 -0.0214 0.0071 0.8189 0.5736
1688632278.4020 21.0581 188.8828 0.9153 -0.0215 0.0070 0.8266 0.5623
1688632278.5023 20.7274 189.6342 0.9187 -0.0214 0.0075 0.8346 0.5504
1688632278.6020 20.3785 190.3621 0.9154 -0.0218 0.0080 0.8426 0.5380
1688632278.7011 20.0065 191.0678 0.8818 -0.0226 0.0080 0.8504 0.5256
1688632278.8030 19.6262 191.7695 0.7749 -0.0227 0.0102 0.8577 0.5135
1688632278.9008 19.2143 192.4778 0.7679 -0.0229 0.0157 0.8647 0.5016
1688632279.0021 18.7891 193.1337 0.8849 -0.0212 0.0144 0.8714 0.4898
1688632279.1012 18.3529 193.7565 0.8794 -0.0122 0.0053 0.8788 0.4770
1688632279.2028 17.8961 194.4012 0.7436 0.0006 -0.0014 0.8865 0.4627
1688632279.3022 17.4149 195.0459 0.6675 0.0019 0.0003 0.8937 0.4487
1688632279.4029 16.8943 195.6777 0.7284 -0.0123 0.0074 0.8998 0.4360
1688632279.5010 16.3541 196.2891 0.8166 -0.0272 0.0140 0.9053 0.4238
1688632279.6042 15.7969 196.8856 0.8316 -0.0288 0.0142 0.9112 0.4107
1688632279.7015 15.2486 197.4671 0.7468 -0.0185 0.0106 0.9178 0.3964
1688632279.8036 14.6842 198.0443 0.6750 -0.0086 0.0080 0.9244 0.3813
1688632279.9021 14.0732 198.5891 0.6711 -0.0078 0.0085 0.9303 0.3665
1688632280.0009 13.4478 199.1071 0.6917 -0.0139 0.0115 0.9358 0.3521
1688632280.1011 12.8066 199.6147 0.6849 -0.0201 0.0135 0.9408 0.3381
1688632280.2025 12.1310 200.1207 0.6487 -0.0223 0.0133 0.9460 0.3233
1688632280.3014 11.4410 200.5994 0.6044 -0.0215 0.0125 0.9510 0.3082
1688632280.4027 10.7566 201.0551 0.5765 -0.0196 0.0133 0.9558 0.2932
1688632280.5019 10.0540 201.4965 0.5855 -0.0183 0.0154 0.9600 0.2788
1688632280.6009 9.3278 201.9159 0.5935 -0.0181 0.0156 0.9640 0.2649
1688632280.7011 8.5775 202.3140 0.5426 -0.0186 0.0137 0.9675 0.2518
1688632280.8022 7.8055 202.7063 0.4856 -0.0192 0.0121 0.9705 0.2402
1688632280.9003 7.0305 203.0816 0.4617 -0.0202 0.0114 0.9729 0.2299
1688632281.0034 6.2424 203.4417 0.4648 -0.0207 0.0110 0.9749 0.2213
1688632281.1017 5.4309 203.8052 0.4585 -0.0210 0.0097 0.9766 0.2140
1688632281.2014 4.6166 204.1614 0.4260 -0.0227 0.0081 0.9779 0.2078
1688632281.3016 3.7977 204.5013 0.3644 -0.0241 0.0076 0.9789 0.2030
1688632281.4016 2.9653 204.8419 0.3355 -0.0232 0.0078 0.9797 0.1991
1688632281.5008 2.1252 205.1793 0.3352 -0.0204 0.0079 0.9805 0.1954
1688632281.6015 1.2904 205.5131 0.3219 -0.0176 0.0077 0.9813 0.1916
1688632281.7014 0.4534 205.8475 0.2954 -0.0176 0.0073 0.9820 0.1881
1688632281.8019 -0.4156 206.1642 0.2571 -0.0197 0.0073 0.9825 0.1849
1688632281.9005 -1.2955 206.4764 0.2241 -0.0213 0.0077 0.9830 0.1822
1688632282.0031 -2.1597 206.7987 0.2132 -0.0210 0.0079 0.9835 0.1793
1688632282.1019 -3.0349 207.1195 0.1944 -0.0194 0.0074 0.9842 0.1761
1688632282.2003 -3.9189 207.4489 0.1651 -0.0182 0.0069 0.9848 0.1728
1688632282.3012 -4.8136 207.7640 0.1293 -0.0177 0.0068 0.9852 0.1703
1688632282.4029 -5.7192 208.0583 0.1123 -0.0178 0.0069 0.9856 0.1679
1688632282.5029 -6.6328 208.3585 0.1050 -0.0184 0.0068 0.9860 0.1654
1688632282.6024 -7.5494 208.6544 0.0836 -0.0188 0.0076 0.9864 0.1628
1688632282.7010 -8.4684 208.9602 0.0535 -0.0190 0.0081 0.9868 0.1605
1688632282.8022 -9.3869 209.2677 0.0384 -0.0188 0.0078 0.9871 0.1585
1688632282.9022 -10.3193 209.5687 0.0125 -0.0187 0.0073 0.9874 0.1567
1688632283.0013 -11.2513 209.8529 -0.0227 -0.0184 0.0073 0.9876 0.1557
1688632283.1003 -12.1909 210.1444 -0.0429 -0.0183 0.0081 0.9876 0.1556
1688632283.2009 -13.1521 210.4537 -0.0613 -0.0190 0.0090 0.9875 0.1560
1688632283.3016 -14.1025 210.7605 -0.0988 -0.0198 0.0103 0.9874 0.1566
1688632283.4035 -15.0448 211.0673 -0.1166 -0.0208 0.0134 0.9873 0.1570
1688632283.5009 -15.9946 211.3708 -0.0576 -0.0232 0.0144 0.9872 0.1573
1688632283.6022 -16.9649 211.6414 -0.1006 -0.0281 0.0045 0.9872 0.1571
1688632283.7015 -17.9114 211.9285 -0.3086 -0.0234 -0.0009 0.9873 0.1573
1688632283.8028 -18.8199 212.2359 -0.2750 -0.0098 0.0007 0.9873 0.1583
1688632283.9020 -19.7542 212.5472 -0.1577 0.0004 -0.0008 0.9873 0.1588
1688632284.0028 -20.7238 212.8612 -0.1809 -0.0054 -0.0013 0.9873 0.1587
1688632284.1017 -21.6887 213.1663 -0.2869 -0.0230 0.0022 0.9870 0.1590
1688632284.2013 -22.6287 213.4610 -0.3130 -0.0357 0.0073 0.9865 0.1599
1688632284.3011 -23.5565 213.7458 -0.2447 -0.0335 0.0089 0.9864 0.1605
1688632284.4015 -24.4794 214.0624 -0.2325 -0.0215 0.0057 0.9868 0.1602
1688632284.5011 -25.3959 214.3792 -0.3380 -0.0122 0.0019 0.9871 0.1594
1688632284.6014 -26.3243 214.6917 -0.4386 -0.0127 0.0019 0.9873 0.1582
1688632284.7006 -27.2587 214.9796 -0.4303 -0.0194 0.0056 0.9874 0.1567
1688632284.8006 -28.1848 215.2433 -0.3605 -0.0241 0.0095 0.9877 0.1542
1688632284.9005 -29.1079 215.5168 -0.3266 -0.0227 0.0092 0.9883 0.1508
1688632285.0015 -30.0331 215.7903 -0.3897 -0.0179 0.0059 0.9890 0.1466
1688632285.1037 -30.9648 216.0663 -0.5092 -0.0154 0.0021 0.9898 0.1419
1688632285.2011 -31.8999 216.3255 -0.5620 -0.0180 0.0010 0.9904 0.1372
1688632285.3005 -32.8404 216.5589 -0.5121 -0.0235 0.0028 0.9909 0.1326
1688632285.4005 -33.7760 216.7765 -0.4643 -0.0263 0.0048 0.9915 0.1276
1688632285.5011 -34.7100 216.9861 -0.4812 -0.0243 0.0037 0.9923 0.1217
1688632285.6020 -35.6314 217.2010 -0.5565 -0.0204 -0.0003 0.9932 0.1148
1688632285.7009 -36.5624 217.4080 -0.6374 -0.0186 -0.0040 0.9940 0.1079
1688632285.8002 -37.4996 217.5850 -0.6632 -0.0201 -0.0052 0.9947 0.1011
1688632285.9005 -38.4441 217.7425 -0.6493 -0.0228 -0.0038 0.9953 0.0945
1688632286.0009 -39.3908 217.8966 -0.6312 -0.0254 -0.0022 0.9958 0.0881
1688632286.1016 -40.3417 218.0493 -0.6610 -0.0268 -0.0023 0.9963 0.0817
1688632286.2023 -41.2882 218.1854 -0.7106 -0.0253 -0.0037 0.9968 0.0759
1688632286.3020 -42.2366 218.3128 -0.7468 -0.0213 -0.0067 0.9973 0.0702
1688632286.4021 -43.1785 218.4243 -0.8014 -0.0159 -0.0066 0.9978 0.0645
1688632286.5022 -44.1144 218.5284 -0.7747 -0.0137 -0.0044 0.9981 0.0595
1688632286.6012 -45.0700 218.6302 -0.7731 -0.0168 -0.0043 0.9983 0.0552
1688632286.7017 -46.0534 218.7220 -0.8384 -0.0224 -0.0043 0.9984 0.0518
1688632286.8024 -47.0273 218.8019 -0.8640 -0.0273 -0.0030 0.9984 0.0489
1688632286.9012 -47.9830 218.8843 -0.8652 -0.0274 -0.0012 0.9986 0.0459
1688632287.0029 -48.9434 218.9696 -0.8703 -0.0226 -0.0001 0.9988 0.0426
1688632287.1008 -49.8931 219.0364 -0.9076 -0.0179 0.0001 0.9991 0.0393
1688632287.2015 -50.8474 219.1124 -0.9550 -0.0172 -0.0003 0.9992 0.0366
1688632287.2998 -51.8046 219.1731 -0.9893 -0.0200 0.0011 0.9992 0.0346
1688632287.4015 -52.7744 219.2249 -0.9924 -0.0231 0.0028 0.9992 0.0326
1688632287.4996 -53.7374 219.2654 -0.9976 -0.0239 0.0046 0.9992 0.0305
1688632287.6004 -54.6918 219.3076 -1.0213 -0.0230 0.0046 0.9993 0.0279
1688632287.6994 -55.6484 219.3528 -1.0642 -0.0213 0.0040 0.9994 0.0253
1688632287.8021 -56.6041 219.4010 -1.0914 -0.0203 0.0039 0.9995 0.0229
1688632287.9013 -57.5668 219.4210 -1.1168 -0.0205 0.0048 0.9996 0.0210
1688632287.9992 -58.5288 219.4507 -1.1338 -0.0216 0.0057 0.9996 0.0191
1688632288.0993 -59.4832 219.4931 -1.1504 -0.0227 0.0066 0.9996 0.0173
1688632288.2021 -60.4466 219.5236 -1.1819 -0.0227 0.0075 0.9996 0.0156
1688632288.3013 -61.4133 219.5436 -1.2136 -0.0219 0.0089 0.9996 0.0144
1688632288.4014 -62.3651 219.5601 -1.2262 -0.0206 0.0102 0.9996 0.0136
1688632288.4994 -63.3289 219.5838 -1.2473 -0.0197 0.0116 0.9997 0.0131
1688632288.5995 -64.2837 219.6078 -1.2702 -0.0203 0.0126 0.9996 0.0123
1688632288.7005 -65.2290 219.6279 -1.3019 -0.0215 0.0140 0.9996 0.0116
1688632288.7997 -66.1873 219.6499 -1.3159 -0.0220 0.0152 0.9996 0.0114
1688632288.9011 -67.1547 219.6552 -1.3281 -0.0215 0.0151 0.9996 0.0119
1688632288.9999 -68.1231 219.6714 -1.3659 -0.0212 0.0139 0.9996 0.0124
1688632289.1008 -69.0818 219.6853 -1.4032 -0.0213 0.0133 0.9996 0.0127
1688632289.2009 -70.0222 219.7049 -1.4189 -0.0201 0.0144 0.9996 0.0126
1688632289.3014 -70.9617 219.7308 -1.4210 -0.0180 0.0156 0.9996 0.0126
1688632289.4008 -71.9135 219.7498 -1.4329 -0.0168 0.0155 0.9997 0.0128
1688632289.5010 -72.8816 219.7656 -1.4615 -0.0173 0.0150 0.9997 0.0129
1688632289.6026 -73.8444 219.7837 -1.4939 -0.0182 0.0144 0.9996 0.0128
1688632289.7009 -74.8020 219.7910 -1.5078 -0.0185 0.0143 0.9997 0.0116
1688632289.8014 -75.7391 219.8006 -1.5111 -0.0182 0.0144 0.9997 0.0103
1688632289.9006 -76.6881 219.8173 -1.5425 -0.0185 0.0145 0.9997 0.0092
1688632290.0014 -77.6447 219.8314 -1.5972 -0.0181 0.0161 0.9997 0.0085
1688632290.1013 -78.5855 219.8562 -1.5589 -0.0149 0.0184 0.9997 0.0080
1688632290.2005 -79.5225 219.8488 -1.5035 -0.0108 0.0187 0.9997 0.0073
1688632290.3000 -80.4818 219.8417 -1.5375 -0.0113 0.0164 0.9998 0.0064
1688632290.4001 -81.4376 219.8530 -1.6244 -0.0170 0.0136 0.9997 0.0060
1688632290.5004 -82.3919 219.8612 -1.6418 -0.0220 0.0126 0.9997 0.0063
1688632290.5999 -83.3347 219.8566 -1.6246 -0.0230 0.0128 0.9996 0.0069
1688632290.7001 -84.2916 219.8537 -1.6261 -0.0220 0.0124 0.9997 0.0071
1688632290.8011 -85.2404 219.8632 -1.6575 -0.0213 0.0116 0.9997 0.0070
1688632290.9009 -86.1714 219.8736 -1.7118 -0.0206 0.0114 0.9997 0.0067
1688632291.0002 -87.0897 219.8952 -1.7375 -0.0196 0.0134 0.9997 0.0067
1688632291.1001 -88.0445 219.9074 -1.7384 -0.0192 0.0167 0.9996 0.0072
1688632291.2003 -89.0099 219.9097 -1.7535 -0.0202 0.0200 0.9996 0.0080
1688632291.2995 -89.9661 219.9306 -1.7806 -0.0221 0.0242 0.9994 0.0085
1688632291.4017 -90.9055 219.9619 -1.7751 -0.0220 0.0273 0.9993 0.0091
1688632291.4997 -91.8132 219.9771 -1.7652 -0.0157 0.0262 0.9995 0.0095
1688632291.6003 -92.7337 219.9920 -1.8403 -0.0082 0.0267 0.9996 0.0099
1688632291.7002 -93.7129 220.0203 -1.8776 -0.0102 0.0281 0.9995 0.0104
1688632291.8029 -94.6864 220.0339 -1.8675 -0.0214 0.0273 0.9993 0.0113
1688632291.9000 -95.6176 220.0213 -1.8245 -0.0261 0.0260 0.9992 0.0121
1688632292.0006 -96.5395 220.0189 -1.7925 -0.0151 0.0235 0.9995 0.0128
1688632292.1006 -97.4666 220.0487 -1.8625 -0.0004 0.0206 0.9997 0.0129
1688632292.2011 -98.4269 220.0883 -1.9445 0.0008 0.0167 0.9998 0.0130
1688632292.2993 -99.3898 220.1067 -1.9589 -0.0116 0.0139 0.9997 0.0137
1688632292.3994 -100.3239 220.0906 -1.9078 -0.0244 0.0147 0.9995 0.0145
1688632292.5006 -101.2625 220.0838 -1.8492 -0.0268 0.0163 0.9994 0.0150
1688632292.6020 -102.2016 220.1104 -1.8787 -0.0196 0.0164 0.9996 0.0155
1688632292.7008 -103.1544 220.1490 -1.9514 -0.0129 0.0138 0.9997 0.0160
1688632292.8023 -104.1101 220.1883 -2.0195 -0.0131 0.0115 0.9997 0.0165
1688632292.8994 -105.0407 220.2177 -2.0316 -0.0173 0.0128 0.9996 0.0170
1688632292.9995 -105.9730 220.2337 -1.9761 -0.0195 0.0167 0.9995 0.0169
1688632293.0997 -106.9206 220.2483 -1.9445 -0.0172 0.0183 0.9996 0.0159
1688632293.2013 -107.8438 220.2720 -1.9910 -0.0137 0.0163 0.9997 0.0145
1688632293.3004 -108.7764 220.3054 -2.0764 -0.0138 0.0139 0.9997 0.0135
1688632293.4005 -109.7172 220.3347 -2.0958 -0.0171 0.0132 0.9997 0.0133
1688632293.5006 -110.6539 220.3381 -2.0673 -0.0198 0.0141 0.9996 0.0133
1688632293.6018 -111.5859 220.3390 -2.0403 -0.0192 0.0149 0.9996 0.0134
1688632293.6997 -112.5195 220.3574 -2.0646 -0.0166 0.0149 0.9997 0.0132
1688632293.8014 -113.4509 220.3880 -2.1165 -0.0154 0.0136 0.9997 0.0131
1688632293.9001 -114.3830 220.4117 -2.1623 -0.0174 0.0130 0.9997 0.0130
1688632294.0018 -115.3153 220.4329 -2.1651 -0.0212 0.0134 0.9996 0.0129
1688632294.1008 -116.2483 220.4470 -2.1620 -0.0229 0.0150 0.9995 0.0131
1688632294.1993 -117.1732 220.4615 -2.1630 -0.0209 0.0165 0.9996 0.0133
1688632294.2992 -118.0870 220.4781 -2.1931 -0.0169 0.0174 0.9996 0.0132
1688632294.3995 -119.0123 220.5016 -2.2300 -0.0142 0.0187 0.9996 0.0131
1688632294.4993 -119.9462 220.5412 -2.2373 -0.0144 0.0192 0.9996 0.0134
1688632294.5987 -120.8795 220.5666 -2.2533 -0.0177 0.0195 0.9996 0.0134
1688632294.7011 -121.8084 220.5788 -2.2798 -0.0220 0.0209 0.9995 0.0131
1688632294.8011 -122.7323 220.5962 -2.2883 -0.0250 0.0221 0.9994 0.0127
1688632294.8993 -123.6640 220.6125 -2.2997 -0.0246 0.0225 0.9994 0.0126
1688632295.0012 -124.5879 220.6305 -2.3351 -0.0218 0.0222 0.9994 0.0128
1688632295.1007 -125.5169 220.6563 -2.3786 -0.0207 0.0213 0.9995 0.0129
1688632295.1995 -126.4481 220.6697 -2.3907 -0.0229 0.0205 0.9994 0.0128
1688632295.2995 -127.3743 220.6769 -2.4079 -0.0260 0.0198 0.9994 0.0125
1688632295.3992 -128.2990 220.6857 -2.4476 -0.0272 0.0184 0.9994 0.0123
1688632295.5010 -129.2284 220.7014 -2.4770 -0.0259 0.0164 0.9995 0.0122
1688632295.6005 -130.1532 220.7032 -2.4760 -0.0226 0.0136 0.9996 0.0123
1688632295.7001 -131.0785 220.7147 -2.5150 -0.0192 0.0106 0.9997 0.0123
1688632295.8011 -132.0167 220.7289 -2.5646 -0.0223 0.0088 0.9996 0.0119
1688632295.8992 -132.9652 220.7428 -2.5880 -0.0326 0.0068 0.9994 0.0116
1688632296.0003 -133.8747 220.7376 -2.6305 -0.0399 0.0042 0.9991 0.0115
1688632296.1015 -134.7687 220.7326 -2.6610 -0.0333 0.0014 0.9994 0.0113
1688632296.1995 -135.6680 220.7411 -2.6797 -0.0205 0.0003 0.9997 0.0111
1688632296.2996 -136.5965 220.7650 -2.7197 -0.0179 0.0002 0.9998 0.0111
1688632296.4018 -137.5347 220.7944 -2.7770 -0.0282 0.0017 0.9995 0.0112
1688632296.4998 -138.4388 220.8058 -2.8274 -0.0398 0.0047 0.9991 0.0114
1688632296.5993 -139.3322 220.8115 -2.8512 -0.0431 0.0078 0.9990 0.0112
1688632296.6987 -140.2241 220.8372 -2.8761 -0.0387 0.0108 0.9991 0.0112
1688632296.8014 -141.1240 220.8646 -2.9284 -0.0338 0.0139 0.9993 0.0112
1688632296.8997 -142.0229 220.8943 -2.9739 -0.0334 0.0170 0.9992 0.0111
1688632297.0015 -142.9233 220.9236 -2.9700 -0.0370 0.0190 0.9991 0.0116
1688632297.1000 -143.8327 220.9092 -3.0298 -0.0429 0.0121 0.9989 0.0114
1688632297.2003 -144.7323 220.8938 -3.2079 -0.0440 0.0069 0.9989 0.0111
1688632297.3000 -145.6086 220.9124 -3.2704 -0.0395 0.0105 0.9991 0.0108
1688632297.3998 -146.4658 220.9472 -3.2010 -0.0321 0.0136 0.9993 0.0109
1688632297.5007 -147.3486 220.9646 -3.1980 -0.0277 0.0154 0.9994 0.0114
1688632297.6013 -148.2534 220.9750 -3.2901 -0.0316 0.0143 0.9993 0.0119
1688632297.7001 -149.1530 220.9864 -3.4121 -0.0388 0.0146 0.9991 0.0120
1688632297.8013 -150.0235 221.0168 -3.4681 -0.0424 0.0178 0.9989 0.0118
1688632297.9007 -150.8886 221.0374 -3.4341 -0.0404 0.0208 0.9989 0.0117
1688632298.0005 -151.7517 221.0451 -3.4277 -0.0359 0.0201 0.9991 0.0119
1688632298.1006 -152.6152 221.0598 -3.5215 -0.0325 0.0172 0.9992 0.0123
1688632298.1996 -153.4781 221.0721 -3.6084 -0.0320 0.0149 0.9993 0.0122
1688632298.2994 -154.3433 221.0754 -3.6480 -0.0357 0.0131 0.9992 0.0119
1688632298.4005 -155.2080 221.0820 -3.6848 -0.0423 0.0112 0.9990 0.0117
1688632298.4991 -156.0546 221.0960 -3.7397 -0.0487 0.0103 0.9987 0.0116
1688632298.5994 -156.8966 221.1128 -3.7776 -0.0489 0.0101 0.9987 0.0119
1688632298.7003 -157.7226 221.1135 -3.8267 -0.0413 0.0094 0.9990 0.0119
1688632298.7995 -158.5530 221.1273 -3.8826 -0.0329 0.0092 0.9994 0.0113
1688632298.9002 -159.3841 221.1385 -3.9296 -0.0324 0.0092 0.9994 0.0101
1688632298.9997 -160.2112 221.1540 -3.9869 -0.0399 0.0100 0.9991 0.0095
1688632299.1003 -161.0298 221.1627 -4.0326 -0.0482 0.0105 0.9987 0.0095
1688632299.1999 -161.8350 221.1662 -4.0796 -0.0502 0.0106 0.9986 0.0095
1688632299.2999 -162.6345 221.1665 -4.1035 -0.0455 0.0097 0.9989 0.0090
1688632299.4014 -163.4159 221.1634 -4.1518 -0.0418 0.0063 0.9991 0.0083
1688632299.4988 -164.1806 221.1713 -4.2553 -0.0425 0.0046 0.9991 0.0081
1688632299.5990 -164.9329 221.1830 -4.3168 -0.0455 0.0052 0.9989 0.0084
1688632299.7003 -165.6810 221.1940 -4.3172 -0.0464 0.0067 0.9989 0.0091
1688632299.7997 -166.4143 221.1942 -4.3379 -0.0445 0.0070 0.9989 0.0093
1688632299.8990 -167.1397 221.2147 -4.4151 -0.0423 0.0079 0.9990 0.0093
1688632299.9997 -167.8465 221.2306 -4.4736 -0.0414 0.0104 0.9990 0.0093
1688632300.1006 -168.5377 221.2354 -4.4989 -0.0424 0.0128 0.9990 0.0095
1688632300.1994 -169.2262 221.2477 -4.5263 -0.0430 0.0135 0.9989 0.0098
1688632300.3002 -169.9066 221.2654 -4.5779 -0.0423 0.0142 0.9990 0.0099
1688632300.4019 -170.5745 221.2797 -4.6290 -0.0412 0.0160 0.9990 0.0098
1688632300.5017 -171.2512 221.2944 -4.6585 -0.0405 0.0181 0.9990 0.0097
1688632300.5994 -171.9152 221.3068 -4.6920 -0.0401 0.0199 0.9989 0.0099
1688632300.7002 -172.5818 221.3286 -4.7311 -0.0394 0.0213 0.9989 0.0103
1688632300.8009 -173.2469 221.3371 -4.7670 -0.0386 0.0218 0.9990 0.0103
1688632300.8988 -173.9034 221.3439 -4.8116 -0.0380 0.0226 0.9990 0.0102
1688632300.9989 -174.5388 221.3399 -4.8519 -0.0379 0.0225 0.9990 0.0100
1688632301.1000 -175.1652 221.3481 -4.8744 -0.0347 0.0198 0.9992 0.0095
1688632301.2001 -175.7785 221.3583 -4.8928 -0.0282 0.0162 0.9994 0.0087
1688632301.3009 -176.4027 221.3624 -4.9216 -0.0245 0.0157 0.9996 0.0073
1688632301.4004 -177.0388 221.3560 -4.9465 -0.0266 0.0178 0.9995 0.0053
1688632301.5012 -177.6513 221.3387 -4.9558 -0.0324 0.0175 0.9993 0.0034
1688632301.6016 -178.2544 221.3203 -4.9727 -0.0377 0.0129 0.9992 0.0016
1688632301.7006 -178.8605 221.2995 -5.0465 -0.0383 0.0085 0.9992 -0.0007
1688632301.7989 -179.4542 221.2938 -5.0986 -0.0345 0.0078 0.9994 -0.0040
1688632301.8990 -180.0345 221.2824 -5.0715 -0.0306 0.0097 0.9995 -0.0078
1688632301.9978 -180.5992 221.2605 -5.0467 -0.0294 0.0103 0.9994 -0.0119
1688632302.0984 -181.1775 221.2249 -5.0767 -0.0295 0.0080 0.9994 -0.0166
1688632302.1984 -181.7709 221.1796 -5.1615 -0.0289 0.0052 0.9993 -0.0220
1688632302.3000 -182.3670 221.1336 -5.2188 -0.0278 0.0050 0.9992 -0.0283
1688632302.3981 -182.9437 221.0885 -5.1995 -0.0267 0.0070 0.9990 -0.0354
1688632302.4986 -183.5072 221.0196 -5.1550 -0.0250 0.0069 0.9987 -0.0434
1688632302.5995 -184.0724 220.9249 -5.1833 -0.0226 0.0050 0.9984 -0.0519
1688632302.6985 -184.6380 220.8315 -5.2520 -0.0211 0.0032 0.9979 -0.0608
1688632302.7991 -185.2139 220.7483 -5.3029 -0.0209 0.0036 0.9973 -0.0702
1688632302.8988 -185.7892 220.6580 -5.2757 -0.0213 0.0057 0.9965 -0.0802
1688632302.9992 -186.3640 220.5466 -5.2461 -0.0219 0.0080 0.9956 -0.0910
1688632303.0999 -186.9264 220.3979 -5.2623 -0.0229 0.0097 0.9944 -0.1028
1688632303.1995 -187.4881 220.2463 -5.2738 -0.0236 0.0083 0.9930 -0.1155
1688632303.2992 -188.0419 220.0755 -5.3282 -0.0232 0.0061 0.9914 -0.1287
1688632303.3985 -188.5913 219.8953 -5.3847 -0.0226 0.0070 0.9896 -0.1421
1688632303.4999 -189.1388 219.7043 -5.3903 -0.0233 0.0114 0.9875 -0.1554
1688632303.5994 -189.6881 219.5197 -5.3047 -0.0247 0.0149 0.9852 -0.1691
1688632303.6998 -190.2239 219.2827 -5.2674 -0.0250 0.0120 0.9827 -0.1831
1688632303.7984 -190.7397 219.0134 -5.3603 -0.0232 0.0058 0.9801 -0.1970
1688632303.8995 -191.2576 218.7391 -5.4939 -0.0210 0.0032 0.9771 -0.2117
1688632303.9986 -191.7663 218.4835 -5.5079 -0.0204 0.0065 0.9737 -0.2268
1688632304.0999 -192.2580 218.2138 -5.3679 -0.0204 0.0096 0.9700 -0.2419
1688632304.1999 -192.7253 217.9035 -5.3032 -0.0182 0.0081 0.9662 -0.2569
1688632304.2992 -193.2084 217.5714 -5.3980 -0.0146 0.0048 0.9622 -0.2719
1688632304.4003 -193.6964 217.2225 -5.5192 -0.0125 0.0035 0.9576 -0.2879
1688632304.4995 -194.1650 216.8760 -5.5310 -0.0136 0.0043 0.9524 -0.3046
1688632304.5993 -194.6058 216.5118 -5.4413 -0.0181 0.0055 0.9466 -0.3218
1688632304.6998 -195.0271 216.1124 -5.3957 -0.0223 0.0049 0.9405 -0.3391
1688632304.7993 -195.4344 215.7012 -5.4031 -0.0224 0.0038 0.9339 -0.3568
1688632304.8999 -195.8403 215.2786 -5.4762 -0.0190 0.0020 0.9267 -0.3752
1688632305.0000 -196.2421 214.8432 -5.5957 -0.0171 0.0054 0.9186 -0.3948
1688632305.0986 -196.6192 214.4176 -5.5615 -0.0196 0.0141 0.9094 -0.4152
1688632305.1992 -196.9485 213.9722 -5.3736 -0.0234 0.0181 0.8996 -0.4358
1688632305.2993 -197.2418 213.4713 -5.3205 -0.0255 0.0129 0.8894 -0.4561
1688632305.4005 -197.5231 212.9221 -5.4777 -0.0238 0.0048 0.8787 -0.4767
1688632305.4999 -197.7960 212.3872 -5.6838 -0.0206 0.0042 0.8667 -0.4985
1688632305.6004 -198.0490 211.8837 -5.6348 -0.0208 0.0078 0.8533 -0.5210
1688632305.7003 -198.2642 211.3714 -5.4879 -0.0253 0.0112 0.8397 -0.5424
1688632305.8006 -198.4628 210.8199 -5.3926 -0.0279 0.0115 0.8264 -0.5623
1688632305.8984 -198.6264 210.2202 -5.4574 -0.0260 0.0103 0.8127 -0.5820
1688632306.0011 -198.7608 209.6122 -5.5754 -0.0220 0.0095 0.7981 -0.6021
1688632306.0990 -198.8660 209.0379 -5.5977 -0.0190 0.0084 0.7832 -0.6214
1688632306.2003 -198.9422 208.4517 -5.5566 -0.0185 0.0062 0.7690 -0.6389
1688632306.2997 -198.9986 207.8315 -5.5353 -0.0200 0.0037 0.7561 -0.6541
1688632306.4003 -199.0468 207.1718 -5.5575 -0.0223 0.0020 0.7445 -0.6673
1688632306.4988 -199.0901 206.5292 -5.5851 -0.0242 0.0025 0.7344 -0.6783
1688632306.5990 -199.1211 205.8844 -5.5576 -0.0245 0.0037 0.7259 -0.6873
1688632306.6991 -199.1367 205.2398 -5.5342 -0.0234 0.0042 0.7193 -0.6943
1688632306.7994 -199.1244 204.5783 -5.5572 -0.0198 0.0047 0.7143 -0.6996
1688632306.9001 -199.1110 203.9042 -5.6025 -0.0154 0.0058 0.7107 -0.7033
1688632306.9998 -199.1172 203.2142 -5.6330 -0.0142 0.0061 0.7081 -0.7059
1688632307.0983 -199.1289 202.5243 -5.6461 0.0180 -0.0078 -0.7066 0.7074
1688632307.2003 -199.1270 201.8269 -5.5668 0.0227 -0.0104 -0.7058 0.7080
1688632307.2986 -199.1128 201.1189 -5.4987 0.0232 -0.0109 -0.7058 0.7079
1688632307.3989 -199.0913 200.3971 -5.5376 0.0187 -0.0104 -0.7066 0.7073
1688632307.5006 -199.1023 199.6557 -5.6520 -0.0157 0.0101 0.7077 -0.7063
1688632307.5988 -199.1278 198.9025 -5.6758 -0.0189 0.0096 0.7087 -0.7052
1688632307.6989 -199.1396 198.1512 -5.5898 -0.0251 0.0091 0.7097 -0.7040
1688632307.7986 -199.1142 197.4125 -5.5256 -0.0275 0.0096 0.7109 -0.7027
1688632307.8991 -199.1005 196.6572 -5.5501 -0.0243 0.0104 0.7122 -0.7015
1688632307.9986 -199.1254 195.8715 -5.6149 -0.0189 0.0106 0.7131 -0.7008
1688632308.0980 -199.1505 195.0810 -5.6497 -0.0170 0.0104 0.7136 -0.7003
1688632308.1996 -199.1568 194.2850 -5.6384 -0.0202 0.0096 0.7137 -0.7001
1688632308.2986 -199.1579 193.4867 -5.5772 -0.0232 0.0082 0.7140 -0.6997
1688632308.3990 -199.1608 192.6746 -5.5667 -0.0235 0.0069 0.7144 -0.6994
1688632308.4993 -199.1749 191.8320 -5.6210 -0.0219 0.0065 0.7145 -0.6993
1688632308.6018 -199.1942 191.0015 -5.6485 -0.0200 0.0067 0.7147 -0.6991
1688632308.6987 -199.2081 190.1837 -5.6399 -0.0186 0.0071 0.7151 -0.6987
1688632308.7987 -199.2165 189.3453 -5.6246 -0.0181 0.0072 0.7152 -0.6986
1688632308.8983 -199.2234 188.4885 -5.6281 -0.0190 0.0072 0.7154 -0.6984
1688632308.9991 -199.2445 187.6219 -5.6300 -0.0211 0.0067 0.7160 -0.6978
1688632309.0983 -199.2681 186.7347 -5.6269 -0.0220 0.0060 0.7164 -0.6973
1688632309.2011 -199.2798 185.8575 -5.6439 -0.0213 0.0060 0.7167 -0.6970
1688632309.2979 -199.3023 184.9694 -5.6590 -0.0204 0.0061 0.7168 -0.6970
1688632309.3997 -199.3165 184.0709 -5.6654 -0.0197 0.0058 0.7169 -0.6969
1688632309.4986 -199.3335 183.1727 -5.6787 -0.0195 0.0059 0.7171 -0.6967
1688632309.5996 -199.3529 182.2685 -5.6850 -0.0207 0.0067 0.7176 -0.6962
1688632309.7002 -199.3788 181.3321 -5.6748 -0.0225 0.0067 0.7180 -0.6957
1688632309.8015 -199.4118 180.3764 -5.6832 -0.0256 0.0065 0.7183 -0.6952
1688632309.8996 -199.4386 179.4485 -5.6626 -0.0264 0.0059 0.7187 -0.6948
1688632309.9999 -199.4554 178.5281 -5.6923 -0.0239 0.0069 0.7190 -0.6946
1688632310.0997 -199.4821 177.5958 -5.7216 -0.0214 0.0100 0.7193 -0.6943
1688632310.1994 -199.5164 176.6693 -5.7046 -0.0204 0.0096 0.7197 -0.6940
1688632310.2986 -199.5393 175.7296 -5.7083 -0.0221 0.0062 0.7201 -0.6935
1688632310.3994 -199.5589 174.8057 -5.7461 -0.0261 0.0037 0.7205 -0.6930
1688632310.4998 -199.5943 173.8836 -5.7347 -0.0286 0.0037 0.7207 -0.6926
1688632310.6010 -199.6331 172.9772 -5.7025 -0.0277 0.0054 0.7210 -0.6924
1688632310.6980 -199.6688 172.0749 -5.6999 -0.0250 0.0073 0.7214 -0.6920
1688632310.7990 -199.6983 171.1866 -5.7242 -0.0222 0.0070 0.7218 -0.6917
1688632310.8984 -199.7200 170.2972 -5.7605 -0.0208 0.0055 0.7220 -0.6916
1688632311.0000 -199.7381 169.3966 -5.7921 -0.0219 0.0047 0.7223 -0.6912
1688632311.0991 -199.7822 168.5079 -5.7796 -0.0253 0.0041 0.7228 -0.6906
1688632311.2007 -199.8251 167.6217 -5.7388 -0.0273 0.0034 0.7232 -0.6901
1688632311.2987 -199.8579 166.7439 -5.7560 -0.0261 0.0041 0.7237 -0.6896
1688632311.3995 -199.8976 165.8901 -5.7646 -0.0230 0.0056 0.7243 -0.6891
1688632311.4986 -199.9286 165.0413 -5.7870 -0.0208 0.0056 0.7248 -0.6886
1688632311.6006 -199.9639 164.1826 -5.8074 -0.0216 0.0040 0.7256 -0.6878
1688632311.6989 -199.9978 163.3273 -5.7964 -0.0232 0.0022 0.7266 -0.6866
1688632311.8020 -200.0395 162.4897 -5.7730 -0.0227 0.0013 0.7281 -0.6851
1688632311.9006 -200.0858 161.6703 -5.7908 -0.0211 0.0020 0.7298 -0.6834
1688632311.9991 -200.1522 160.8767 -5.8204 -0.0207 0.0027 0.7316 -0.6814
1688632312.0992 -200.2175 160.0724 -5.8249 -0.0216 0.0030 0.7337 -0.6792
1688632312.2014 -200.2817 159.2658 -5.7988 -0.0236 0.0031 0.7364 -0.6761
1688632312.3000 -200.3481 158.4791 -5.7861 -0.0243 0.0032 0.7397 -0.6725
1688632312.3983 -200.4352 157.6989 -5.8058 -0.0237 0.0037 0.7434 -0.6685
1688632312.4981 -200.5332 156.9313 -5.8453 -0.0237 0.0038 0.7475 -0.6639
1688632312.6000 -200.6334 156.1761 -5.8534 -0.0243 0.0036 0.7521 -0.6586
1688632312.6991 -200.7301 155.4305 -5.8394 -0.0252 0.0031 0.7573 -0.6526
1688632312.7983 -200.8527 154.6939 -5.8273 -0.0248 0.0027 0.7631 -0.6459
1688632312.8985 -200.9934 153.9642 -5.8509 -0.0230 0.0024 0.7694 -0.6383
1688632312.9984 -201.1548 153.2406 -5.9111 -0.0220 0.0026 0.7760 -0.6303
1688632313.0982 -201.3199 152.5220 -5.9191 -0.0230 0.0038 0.7827 -0.6220
1688632313.2000 -201.5047 151.8090 -5.8358 -0.0235 0.0041 0.7895 -0.6132
1688632313.2976 -201.6804 151.1231 -5.7832 -0.0185 0.0016 0.7967 -0.6040
1688632313.4004 -201.8658 150.4433 -5.8786 -0.0087 0.0003 0.8039 -0.5947
1688632313.4990 -202.0896 149.7626 -6.0510 -0.0036 0.0026 0.8111 -0.5849
1688632313.5994 -202.3653 149.0965 -6.0243 -0.0080 0.0072 0.8181 -0.5750
1688632313.6992 -202.6587 148.4343 -5.8193 -0.0162 0.0084 0.8253 -0.5644
1688632313.7993 -202.9281 147.7454 -5.7069 -0.0197 0.0034 0.8326 -0.5535
1688632313.8992 -203.2002 147.0481 -5.8639 -0.0173 -0.0016 0.8395 -0.5431
1688632314.0015 -203.5279 146.3916 -6.0593 -0.0149 -0.0007 0.8456 -0.5336
1688632314.0982 -203.8879 145.7785 -6.0212 -0.0158 0.0058 0.8513 -0.5244
1688632314.2016 -204.2379 145.1555 -5.8445 -0.0176 0.0129 0.8567 -0.5153
1688632314.2989 -204.5830 144.5117 -5.7614 -0.0174 0.0151 0.8616 -0.5070
1688632314.3997 -204.9474 143.8497 -5.8663 -0.0154 0.0128 0.8656 -0.5003
1688632314.4995 -205.3332 143.1871 -6.0132 -0.0151 0.0091 0.8684 -0.4956
1688632314.5998 -205.7197 142.5542 -6.0347 -0.0187 0.0075 0.8700 -0.4927
1688632314.6991 -206.1007 141.9222 -5.9281 -0.0235 0.0080 0.8707 -0.4912
1688632314.7983 -206.4746 141.2741 -5.8407 -0.0248 0.0072 0.8710 -0.4905
1688632314.8994 -206.8515 140.6098 -5.8958 -0.0214 0.0063 0.8711 -0.4905
1688632314.9989 -207.2505 139.9587 -6.0022 -0.0171 0.0064 0.8710 -0.4910
1688632315.0989 -207.6490 139.3054 -6.0248 -0.0159 0.0061 0.8701 -0.4926
1688632315.1983 -208.0325 138.6447 -5.9932 -0.0186 0.0034 0.8684 -0.4955
1688632315.2986 -208.3832 137.9466 -5.9843 -0.0228 0.0010 0.8662 -0.4991
1688632315.3986 -208.7590 137.2564 -5.9930 -0.0257 0.0029 0.8636 -0.5035
1688632315.4995 -209.1456 136.5833 -5.9917 -0.0250 0.0060 0.8604 -0.5090
1688632315.5981 -209.5094 135.9027 -5.9869 -0.0210 0.0069 0.8566 -0.5155
1688632315.6986 -209.8360 135.1928 -6.0396 -0.0169 0.0060 0.8521 -0.5230
1688632315.7987 -210.1603 134.4653 -6.1073 -0.0166 0.0057 0.8469 -0.5314
1688632315.8984 -210.4982 133.7475 -6.1032 -0.0210 0.0067 0.8408 -0.5410
1688632316.0003 -210.8108 133.0200 -6.0468 -0.0271 0.0078 0.8339 -0.5512
1688632316.0983 -211.0908 132.2658 -6.0005 -0.0312 0.0074 0.8265 -0.5621
1688632316.1990 -211.3281 131.4999 -6.0225 -0.0288 0.0063 0.8184 -0.5739
1688632316.2977 -211.5497 130.7418 -6.1326 -0.0223 0.0080 0.8094 -0.5868
1688632316.4002 -211.7799 129.9974 -6.1737 -0.0185 0.0125 0.7991 -0.6008
1688632316.4987 -211.9791 129.2308 -6.1234 -0.0191 0.0135 0.7879 -0.6154
1688632316.5994 -212.1131 128.4341 -6.0748 -0.0234 0.0106 0.7762 -0.6300
1688632316.6982 -212.2156 127.6284 -6.0825 -0.0275 0.0079 0.7640 -0.6446
1688632316.7992 -212.3052 126.8301 -6.1101 -0.0281 0.0078 0.7508 -0.6599
1688632316.8982 -212.3838 126.0386 -6.1339 -0.0270 0.0099 0.7365 -0.6758
1688632316.9989 -212.4117 125.2488 -6.1447 -0.0271 0.0118 0.7213 -0.6920
1688632317.0985 -212.3905 124.4638 -6.1245 0.0298 -0.0127 -0.7056 0.7079
1688632317.2009 -212.3303 123.6649 -6.0958 0.0328 -0.0117 -0.6898 0.7232
1688632317.2987 -212.2355 122.8725 -6.0839 0.0319 -0.0107 -0.6737 0.7382
1688632317.4002 -212.1030 122.0879 -6.1412 0.0275 -0.0111 -0.6568 0.7534
1688632317.4991 -211.9530 121.3074 -6.1845 0.0259 -0.0126 -0.6394 0.7683
1688632317.5990 -211.7722 120.5328 -6.1634 0.0277 -0.0110 -0.6218 0.7826
1688632317.6988 -211.5303 119.7776 -6.1100 0.0297 -0.0070 -0.6047 0.7958
1688632317.7986 -211.2491 119.0301 -6.1003 0.0298 -0.0052 -0.5881 0.8083
1688632317.8994 -210.9506 118.2974 -6.1202 0.0274 -0.0057 -0.5712 0.8203
1688632318.0003 -210.6472 117.5677 -6.1348 0.0239 -0.0056 -0.5550 0.8315
1688632318.0985 -210.3053 116.8620 -6.1470 0.0213 -0.0039 -0.5402 0.8413
1688632318.1992 -209.9299 116.1684 -6.1536 0.0207 -0.0019 -0.5273 0.8494
1688632318.2985 -209.5558 115.4744 -6.1463 0.0215 -0.0010 -0.5169 0.8558
1688632318.3997 -209.1680 114.7819 -6.1104 0.0205 -0.0012 -0.5088 0.8606
1688632318.4997 -208.7698 114.1045 -6.0998 0.0177 -0.0024 -0.5033 0.8639
1688632318.6016 -208.3577 113.4349 -6.1195 0.0146 -0.0038 -0.4996 0.8661
1688632318.6989 -207.9569 112.7617 -6.1445 0.0141 -0.0038 -0.4975 0.8673
1688632318.7999 -207.5606 112.0621 -6.1441 0.0163 -0.0028 -0.4971 0.8675
1688632318.8992 -207.1574 111.3797 -6.0881 0.0188 -0.0012 -0.4980 0.8670
1688632318.9987 -206.7442 110.7190 -6.0470 0.0178 0.0012 -0.4999 0.8659
1688632319.0985 -206.3440 110.0568 -6.0901 0.0141 0.0025 -0.5024 0.8645
1688632319.1990 -205.9615 109.3745 -6.1516 0.0119 0.0022 -0.5056 0.8627
1688632319.2983 -205.5995 108.6957 -6.1356 0.0125 -0.0001 -0.5098 0.8602
1688632319.4013 -205.2479 108.0270 -6.0513 0.0130 -0.0020 -0.5151 0.8571
1688632319.4978 -204.8825 107.3470 -6.0288 0.0116 -0.0021 -0.5208 0.8536
1688632319.5993 -204.5127 106.6495 -6.0817 0.0099 -0.0004 -0.5266 0.8501
1688632319.6977 -204.1853 105.9383 -6.1353 0.0110 0.0004 -0.5328 0.8461
1688632319.7999 -203.8938 105.2369 -6.1113 0.0142 -0.0011 -0.5399 0.8416
1688632319.8987 -203.5917 104.5497 -6.0254 0.0175 -0.0029 -0.5478 0.8365
1688632319.9989 -203.2907 103.8304 -6.0057 0.0192 -0.0027 -0.5563 0.8308
1688632320.0989 -203.0013 103.0974 -6.0518 0.0207 -0.0009 -0.5650 0.8248
1688632320.2003 -202.7383 102.3457 -6.1146 0.0215 -0.0005 -0.5735 0.8189
1688632320.2981 -202.5046 101.6163 -6.1153 0.0227 -0.0043 -0.5821 0.8128
1688632320.4011 -202.3027 100.9004 -6.0448 0.0234 -0.0097 -0.5912 0.8061
1688632320.4983 -202.0848 100.1598 -6.0090 0.0232 -0.0124 -0.6003 0.7993
1688632320.6006 -201.8724 99.3850 -6.0416 0.0232 -0.0115 -0.6097 0.7922
1688632320.6983 -201.6866 98.5982 -6.0838 0.0241 -0.0100 -0.6190 0.7850
1688632320.7988 -201.5115 97.8252 -6.0736 0.0233 -0.0111 -0.6278 0.7779
1688632320.8982 -201.3705 97.0622 -6.0496 0.0209 -0.0143 -0.6365 0.7708
1688632320.9992 -201.2535 96.2923 -6.0360 0.0203 -0.0161 -0.6453 0.7635
1688632321.0985 -201.1412 95.4956 -6.0095 0.0217 -0.0135 -0.6542 0.7559
1688632321.1985 -201.0266 94.6748 -6.0147 0.0222 -0.0086 -0.6627 0.7485
1688632321.2978 -200.9153 93.8612 -6.0515 0.0202 -0.0087 -0.6705 0.7415
1688632321.3976 -200.8490 93.0674 -6.0585 0.0160 -0.0145 -0.6774 0.7353
1688632321.4996 -200.8274 92.2807 -6.0024 0.0131 -0.0196 -0.6833 0.7298
1688632321.5990 -200.8043 91.4643 -5.9701 0.0142 -0.0191 -0.6885 0.7248
1688632321.6981 -200.7601 90.6150 -5.9823 0.0185 -0.0145 -0.6934 0.7202
1688632321.7973 -200.6960 89.7586 -5.9915 0.0219 -0.0120 -0.6974 0.7162
1688632321.8987 -200.6738 88.9236 -5.9817 0.0216 -0.0140 -0.7006 0.7131
1688632321.9991 -200.6897 88.0962 -5.9583 0.0201 -0.0189 -0.7030 0.7106
1688632322.0978 -200.6992 87.2505 -5.9138 0.0181 -0.0215 -0.7049 0.7088
1688632322.1981 -200.6944 86.3970 -5.9216 0.0172 -0.0207 -0.7062 0.7075
1688632322.2978 -200.6881 85.5250 -5.9451 -0.0184 0.0190 0.7079 -0.7058
1688632322.3976 -200.6732 84.6255 -5.9318 -0.0204 0.0167 0.7100 -0.7037
1688632322.4990 -200.6742 83.7217 -5.9087 -0.0224 0.0155 0.7120 -0.7016
1688632322.5981 -200.6891 82.8424 -5.8703 -0.0231 0.0156 0.7132 -0.7004
1688632322.6979 -200.7031 81.9679 -5.8613 -0.0210 0.0156 0.7141 -0.6996
1688632322.7989 -200.7182 81.0824 -5.9009 -0.0186 0.0164 0.7151 -0.6986
1688632322.8971 -200.7370 80.1745 -5.8991 -0.0181 0.0176 0.7159 -0.6977
1688632322.9980 -200.7678 79.2545 -5.8581 -0.0187 0.0171 0.7164 -0.6972
1688632323.0997 -200.7778 78.3407 -5.8435 -0.0199 0.0150 0.7168 -0.6969
1688632323.1987 -200.7918 77.4037 -5.8623 -0.0216 0.0135 0.7167 -0.6970
1688632323.2990 -200.8182 76.4752 -5.8644 -0.0226 0.0140 0.7165 -0.6971
1688632323.3998 -200.8454 75.5460 -5.8516 -0.0231 0.0162 0.7164 -0.6971
1688632323.4976 -200.8697 74.6111 -5.8103 -0.0225 0.0168 0.7164 -0.6972
1688632323.5982 -200.8858 73.6613 -5.8200 -0.0221 0.0165 0.7161 -0.6974
1688632323.6994 -200.9027 72.7067 -5.8439 -0.0223 0.0176 0.7158 -0.6977
1688632323.7997 -200.9214 71.7341 -5.8180 -0.0219 0.0200 0.7158 -0.6977
1688632323.8980 -200.9478 70.7721 -5.7727 -0.0211 0.0212 0.7157 -0.6977
1688632323.9993 -200.9765 69.8039 -5.7707 -0.0213 0.0209 0.7156 -0.6979
1688632324.0981 -200.9956 68.8239 -5.7869 -0.0230 0.0195 0.7151 -0.6984
1688632324.1992 -201.0101 67.8402 -5.7826 -0.0249 0.0182 0.7145 -0.6989
1688632324.2980 -201.0209 66.8490 -5.7573 -0.0261 0.0176 0.7146 -0.6988
1688632324.3987 -201.0389 65.8487 -5.7518 -0.0262 0.0177 0.7146 -0.6988
1688632324.4996 -201.0508 64.8617 -5.7461 -0.0262 0.0178 0.7145 -0.6989
1688632324.5990 -201.0610 63.8674 -5.7337 -0.0249 0.0158 0.7144 -0.6991
1688632324.6979 -201.0843 62.8780 -5.7542 -0.0238 0.0147 0.7145 -0.6991
1688632324.7974 -201.1012 61.8990 -5.7529 -0.0238 0.0152 0.7147 -0.6988
1688632324.8984 -201.1100 60.9231 -5.7228 -0.0247 0.0152 0.7150 -0.6985
1688632324.9985 -201.1249 59.9587 -5.6963 -0.0261 0.0143 0.7153 -0.6982
1688632325.0977 -201.1500 58.9984 -5.6971 -0.0271 0.0131 0.7156 -0.6979
1688632325.1981 -201.1786 58.0388 -5.7115 -0.0268 0.0125 0.7160 -0.6975
1688632325.2969 -201.1862 57.0981 -5.7230 -0.0255 0.0125 0.7166 -0.6969
1688632325.3994 -201.2016 56.1593 -5.7182 -0.0242 0.0143 0.7174 -0.6961
1688632325.4972 -201.2186 55.2174 -5.6760 -0.0224 0.0153 0.7183 -0.6952
1688632325.5978 -201.2411 54.2789 -5.6692 -0.0210 0.0140 0.7189 -0.6946
1688632325.6973 -201.2685 53.3447 -5.7078 -0.0218 0.0123 0.7192 -0.6943
1688632325.7985 -201.2924 52.4342 -5.7028 -0.0234 0.0115 0.7194 -0.6941
1688632325.8977 -201.3209 51.5267 -5.6523 -0.0226 0.0103 0.7198 -0.6937
1688632325.9988 -201.3502 50.6287 -5.6449 -0.0204 0.0092 0.7206 -0.6930
1688632326.0988 -201.3593 49.7004 -5.6552 -0.0177 0.0080 0.7208 -0.6929
1688632326.1980 -201.3772 48.8056 -5.6821 -0.0161 0.0070 0.7209 -0.6928
1688632326.2986 -201.4049 47.9281 -5.6653 -0.0175 0.0065 0.7210 -0.6927
1688632326.3985 -201.4324 47.0517 -5.6269 -0.0194 0.0067 0.7212 -0.6924
1688632326.4981 -201.4638 46.1691 -5.6120 -0.0169 0.0091 0.7218 -0.6918
1688632326.5980 -201.4957 45.2831 -5.6127 -0.0111 0.0123 0.7223 -0.6914
1688632326.6969 -201.5404 44.4300 -5.6558 -0.0113 0.0142 0.7223 -0.6914
1688632326.7981 -201.5787 43.5772 -5.6299 -0.0197 0.0098 0.7216 -0.6920
1688632326.8970 -201.6081 42.7152 -5.5923 -0.0288 0.0015 0.7212 -0.6922
1688632326.9992 -201.6269 41.8367 -5.6034 -0.0298 -0.0005 0.7213 -0.6920
1688632327.0988 -201.6580 41.0049 -5.6283 -0.0219 0.0081 0.7218 -0.6917
1688632327.1978 -201.7061 40.2125 -5.6128 -0.0133 0.0181 0.7216 -0.6919
1688632327.2984 -201.7412 39.3852 -5.5616 -0.0108 0.0193 0.7208 -0.6928
1688632327.3994 -201.7596 38.5431 -5.5943 -0.0153 0.0129 0.7199 -0.6938
1688632327.4975 -201.7861 37.7150 -5.6406 -0.0225 0.0062 0.7193 -0.6943
1688632327.5980 -201.7873 36.8876 -5.6162 -0.0264 0.0045 0.7188 -0.6947
1688632327.6979 -201.8091 36.0789 -5.5752 -0.0262 0.0085 0.7185 -0.6950
1688632327.7989 -201.8429 35.2835 -5.5450 -0.0245 0.0134 0.7182 -0.6952
1688632327.8971 -201.8898 34.4902 -5.5504 -0.0230 0.0155 0.7176 -0.6959
1688632327.9985 -201.9134 33.7134 -5.5838 -0.0232 0.0149 0.7168 -0.6967
1688632328.0984 -201.9172 32.9304 -5.5999 -0.0249 0.0147 0.7154 -0.6981
1688632328.1978 -201.9194 32.1607 -5.5594 -0.0250 0.0159 0.7140 -0.6996
1688632328.2970 -201.9249 31.3884 -5.5310 -0.0228 0.0166 0.7127 -0.7009
1688632328.3984 -201.9227 30.6181 -5.5435 -0.0215 0.0151 0.7114 -0.7023
1688632328.4973 -201.9163 29.8436 -5.5611 -0.0239 0.0120 0.7100 -0.7037
1688632328.5989 -201.9247 29.0827 -5.5865 -0.0286 0.0087 0.7087 -0.7049
1688632328.6974 -201.9401 28.3330 -5.5554 -0.0297 0.0108 0.7077 -0.7058
1688632328.7992 -201.9304 27.5928 -5.4510 0.0219 -0.0156 -0.7065 0.7072
1688632328.8971 -201.8938 26.8926 -5.4788 0.0112 -0.0205 -0.7051 0.7087
1688632328.9987 -201.8704 26.1516 -5.5740 0.0086 -0.0219 -0.7032 0.7106
1688632329.0972 -201.8445 25.3705 -5.5602 0.0164 -0.0183 -0.7006 0.7131
1688632329.1993 -201.8403 24.6005 -5.4657 0.0258 -0.0114 -0.6985 0.7151
1688632329.2977 -201.8173 23.8654 -5.4319 0.0293 -0.0072 -0.6960 0.7174
1688632329.3979 -201.7773 23.1374 -5.4578 0.0245 -0.0073 -0.6932 0.7203
1688632329.4973 -201.7142 22.4366 -5.5017 0.0180 -0.0117 -0.6892 0.7243
1688632329.5974 -201.6386 21.7458 -5.5057 0.0163 -0.0165 -0.6841 0.7290
1688632329.6969 -201.5939 21.0610 -5.4526 0.0185 -0.0177 -0.6789 0.7338
1688632329.7980 -201.5430 20.3644 -5.3886 0.0207 -0.0147 -0.6739 0.7384
1688632329.8973 -201.4622 19.6332 -5.4040 0.0213 -0.0102 -0.6693 0.7426
1688632329.9984 -201.3431 18.9203 -5.4520 0.0200 -0.0074 -0.6648 0.7467
1688632330.0978 -201.2284 18.2590 -5.4545 0.0178 -0.0082 -0.6597 0.7512
1688632330.1986 -201.1336 17.5861 -5.4097 0.0170 -0.0113 -0.6542 0.7560
1688632330.2977 -201.0341 16.9269 -5.3644 0.0170 -0.0137 -0.6490 0.7605
1688632330.3986 -200.9175 16.2652 -5.3550 0.0174 -0.0141 -0.6437 0.7649
1688632330.4977 -200.7666 15.5931 -5.3700 0.0180 -0.0123 -0.6373 0.7703
1688632330.5986 -200.6220 14.9398 -5.3824 0.0186 -0.0102 -0.6300 0.7763
1688632330.6989 -200.4607 14.3257 -5.3608 0.0186 -0.0096 -0.6219 0.7828
1688632330.8004 -200.2588 13.7205 -5.3407 0.0179 -0.0112 -0.6123 0.7903
1688632330.8977 -200.0894 13.1136 -5.3097 0.0182 -0.0133 -0.6016 0.7985
1688632330.9985 -199.9137 12.5081 -5.2922 0.0187 -0.0136 -0.5902 0.8069
1688632331.0978 -199.6691 11.8988 -5.2941 0.0193 -0.0115 -0.5778 0.8159
1688632331.1990 -199.3954 11.3225 -5.2979 0.0196 -0.0085 -0.5649 0.8249
1688632331.2972 -199.1351 10.7706 -5.2840 0.0194 -0.0063 -0.5513 0.8341
1688632331.3973 -198.8654 10.2494 -5.2716 0.0189 -0.0069 -0.5363 0.8438
1688632331.4986 -198.5834 9.7114 -5.2662 0.0190 -0.0089 -0.5207 0.8535
1688632331.5993 -198.2649 9.1494 -5.2635 0.0205 -0.0101 -0.5047 0.8630
1688632331.6975 -197.9260 8.6255 -5.2320 0.0228 -0.0087 -0.4882 0.8724
1688632331.7975 -197.5681 8.1448 -5.1895 0.0232 -0.0047 -0.4713 0.8817
1688632331.8971 -197.1537 7.6676 -5.2418 0.0223 -0.0012 -0.4539 0.8908
1688632332.0005 -196.7327 7.1711 -5.2843 0.0224 -0.0013 -0.4356 0.8998
1688632332.0977 -196.3441 6.6899 -5.2530 0.0242 -0.0033 -0.4172 0.9085
1688632332.1994 -195.9247 6.2345 -5.2052 0.0277 -0.0044 -0.3988 0.9166
1688632332.2989 -195.4554 5.8094 -5.1681 0.0307 -0.0027 -0.3805 0.9243
1688632332.3996 -194.9679 5.3970 -5.1842 0.0315 0.0003 -0.3619 0.9317
1688632332.4979 -194.4173 4.9984 -5.2311 0.0308 0.0027 -0.3425 0.9390
1688632332.5995 -193.9049 4.6073 -5.2723 0.0306 0.0038 -0.3228 0.9460
1688632332.6984 -193.3864 4.2561 -5.2670 0.0329 0.0025 -0.3029 0.9525
1688632332.7994 -192.8261 3.8983 -5.2082 0.0356 0.0007 -0.2825 0.9586
1688632332.8982 -192.2362 3.5485 -5.1689 0.0362 0.0004 -0.2624 0.9643
1688632333.0004 -191.5988 3.2746 -5.1737 0.0332 0.0014 -0.2428 0.9695
1688632333.0989 -190.9498 3.0078 -5.2372 0.0276 0.0014 -0.2238 0.9742
1688632333.1997 -190.3030 2.7486 -5.2920 0.0240 -0.0003 -0.2044 0.9786
1688632333.2973 -189.6639 2.4883 -5.2731 0.0241 -0.0020 -0.1856 0.9823
1688632333.3985 -189.0138 2.2659 -5.1745 0.0244 -0.0017 -0.1679 0.9855
1688632333.4977 -188.2943 2.0722 -5.1330 0.0215 -0.0003 -0.1517 0.9882
1688632333.5984 -187.5519 1.9223 -5.1873 0.0171 0.0006 -0.1362 0.9905
1688632333.6980 -186.8595 1.7701 -5.2422 0.0142 -0.0002 -0.1210 0.9926
1688632333.7981 -186.1540 1.6341 -5.2341 0.0142 -0.0026 -0.1058 0.9943
1688632333.8981 -185.4229 1.5149 -5.1487 0.0155 -0.0047 -0.0919 0.9956
1688632333.9993 -184.6727 1.3969 -5.0745 0.0157 -0.0053 -0.0789 0.9967
1688632334.0979 -183.9135 1.3028 -5.0887 0.0140 -0.0047 -0.0672 0.9976
1688632334.1985 -183.1476 1.2421 -5.1563 0.0126 -0.0034 -0.0564 0.9983
1688632334.2987 -182.3762 1.1640 -5.1478 0.0132 -0.0032 -0.0465 0.9988
1688632334.4003 -181.6184 1.0906 -5.0643 0.0153 -0.0045 -0.0381 0.9991
1688632334.4983 -180.8336 1.0633 -4.9862 0.0151 -0.0059 -0.0309 0.9994
1688632334.5982 -180.0392 1.0584 -4.9917 0.0120 -0.0062 -0.0255 0.9996
1688632334.6985 -179.2605 1.0401 -5.0541 0.0097 -0.0053 -0.0217 0.9997
1688632334.7981 -178.4424 0.9941 -5.0538 0.0097 -0.0034 -0.0194 0.9998
1688632334.8980 -177.6168 0.9543 -4.9811 0.0111 -0.0025 -0.0185 0.9998
1688632334.9990 -176.8293 0.9520 -4.9217 0.0119 -0.0030 -0.0186 0.9998
1688632335.0991 -176.0168 0.9495 -4.9039 0.0116 -0.0036 -0.0188 0.9997
1688632335.1993 -175.1683 0.9061 -4.9339 0.0112 -0.0035 -0.0190 0.9997
1688632335.2977 -174.3212 0.8595 -4.9248 0.0112 -0.0018 -0.0191 0.9998
1688632335.3979 -173.4977 0.8406 -4.8773 0.0106 -0.0010 -0.0192 0.9998
1688632335.4981 -172.7129 0.8441 -4.8511 0.0099 -0.0033 -0.0197 0.9998
1688632335.5983 -171.8716 0.8142 -4.8347 0.0095 -0.0081 -0.0199 0.9997
1688632335.6975 -171.0129 0.7779 -4.7994 0.0075 -0.0113 -0.0197 0.9997
1688632335.7974 -170.1601 0.7510 -4.7975 0.0048 -0.0107 -0.0197 0.9997
1688632335.8980 -169.2884 0.7330 -4.8054 0.0030 -0.0077 -0.0195 0.9998
1688632335.9977 -168.4259 0.7064 -4.7660 0.0030 -0.0041 -0.0195 0.9998
1688632336.0993 -167.5701 0.6885 -4.6665 0.0032 -0.0033 -0.0195 0.9998
1688632336.1993 -166.7279 0.6761 -4.6188 0.0040 -0.0120 -0.0193 0.9997
1688632336.2976 -165.8739 0.6371 -4.6351 0.0041 -0.0251 -0.0189 0.9995
1688632336.3986 -165.0173 0.5954 -4.6217 0.0016 -0.0287 -0.0187 0.9994
1688632336.4989 -164.0841 0.5603 -4.6626 -0.0002 -0.0119 -0.0191 0.9997
1688632336.5982 -163.1469 0.5390 -4.6358 0.0055 0.0120 -0.0199 0.9997
1688632336.6975 -162.2364 0.5134 -4.4603 0.0141 0.0209 -0.0198 0.9995
1688632336.7988 -161.3983 0.4829 -4.3173 0.0148 0.0054 -0.0195 0.9997
1688632336.8971 -160.5700 0.4509 -4.3950 0.0081 -0.0184 -0.0191 0.9996
1688632336.9971 -159.6857 0.4123 -4.5554 0.0017 -0.0271 -0.0188 0.9995
1688632337.0975 -158.7321 0.3912 -4.5879 0.0020 -0.0158 -0.0191 0.9997
1688632337.1972 -157.7944 0.3682 -4.4469 0.0069 -0.0006 -0.0192 0.9998
1688632337.2977 -156.9064 0.3585 -4.2471 0.0107 0.0031 -0.0189 0.9998
1688632337.3986 -156.0262 0.3423 -4.2174 0.0109 -0.0063 -0.0181 0.9998
1688632337.4987 -155.1055 0.3033 -4.3054 0.0070 -0.0159 -0.0171 0.9997
1688632337.5983 -154.1672 0.2703 -4.3659 0.0038 -0.0175 -0.0167 0.9997
1688632337.6990 -153.2263 0.2451 -4.3188 0.0034 -0.0121 -0.0166 0.9998
1688632337.7990 -152.2957 0.2458 -4.2102 0.0066 -0.0073 -0.0165 0.9998
1688632337.8989 -151.3654 0.2136 -4.1064 0.0085 -0.0070 -0.0162 0.9998
1688632338.0003 -150.4257 0.1855 -4.0892 0.0077 -0.0093 -0.0160 0.9998
1688632338.0997 -149.4620 0.1600 -4.1194 0.0059 -0.0110 -0.0156 0.9998
1688632338.1977 -148.5110 0.1416 -4.1153 0.0050 -0.0111 -0.0155 0.9998
1688632338.2989 -147.5668 0.1259 -4.0520 0.0053 -0.0103 -0.0151 0.9998
1688632338.3979 -146.6326 0.1104 -4.0002 0.0060 -0.0094 -0.0152 0.9998
1688632338.4976 -145.6652 0.0819 -3.9683 0.0074 -0.0094 -0.0149 0.9998
1688632338.5989 -144.6978 0.0474 -3.9216 0.0086 -0.0107 -0.0146 0.9998
1688632338.6973 -143.7429 0.0343 -3.8813 0.0086 -0.0128 -0.0145 0.9998
1688632338.7979 -142.7791 0.0258 -3.8556 0.0074 -0.0124 -0.0141 0.9998
1688632338.8972 -141.8144 -0.0047 -3.8551 0.0075 -0.0109 -0.0137 0.9998
1688632338.9982 -140.8509 -0.0316 -3.8068 0.0101 -0.0104 -0.0134 0.9998
1688632339.0986 -139.8907 -0.0556 -3.7164 0.0112 -0.0118 -0.0134 0.9998
1688632339.1988 -138.9330 -0.0726 -3.6722 0.0112 -0.0128 -0.0130 0.9998
1688632339.2974 -137.9724 -0.0892 -3.6710 0.0112 -0.0112 -0.0122 0.9998
1688632339.3976 -136.9844 -0.1118 -3.6522 0.0116 -0.0092 -0.0109 0.9998
1688632339.4974 -136.0163 -0.1109 -3.5878 0.0117 -0.0088 -0.0097 0.9998
1688632339.5966 -135.0570 -0.1088 -3.5292 0.0099 -0.0096 -0.0085 0.9999
1688632339.6974 -134.0998 -0.1131 -3.5080 0.0079 -0.0103 -0.0073 0.9999
1688632339.7972 -133.1440 -0.1091 -3.5042 0.0070 -0.0099 -0.0061 0.9999
1688632339.8979 -132.1779 -0.1110 -3.4610 0.0069 -0.0093 -0.0050 0.9999
1688632339.9975 -131.2198 -0.1041 -3.3870 0.0064 -0.0105 -0.0037 0.9999
1688632340.0979 -130.2536 -0.0979 -3.3445 0.0051 -0.0129 -0.0021 0.9999
1688632340.1968 -129.2803 -0.0940 -3.3365 0.0045 -0.0135 -0.0007 0.9999
1688632340.2973 -128.3234 -0.0801 -3.3058 0.0044 -0.0111 0.0007 0.9999
1688632340.3978 -127.3569 -0.0628 -3.2592 0.0047 -0.0083 0.0018 1.0000
1688632340.4973 -126.3897 -0.0493 -3.2145 0.0057 -0.0082 0.0031 0.9999
1688632340.5971 -125.4308 -0.0413 -3.1692 0.0062 -0.0108 0.0045 0.9999
1688632340.6979 -124.4626 -0.0316 -3.1289 0.0060 -0.0139 0.0065 0.9999
1688632340.7988 -123.5165 -0.0085 -3.0929 0.0058 -0.0145 0.0084 0.9998
1688632340.8973 -122.5639 0.0298 -3.0699 0.0050 -0.0122 0.0102 0.9999
1688632340.9975 -121.5969 0.0653 -3.0333 0.0040 -0.0090 0.0115 0.9999
1688632341.0974 -120.6244 0.1107 -2.9634 0.0020 -0.0071 0.0130 0.9999
1688632341.1980 -119.6583 0.1558 -2.9363 -0.0006 -0.0067 0.0148 0.9999
1688632341.2967 -118.7081 0.2059 -2.9406 -0.0026 -0.0058 0.0170 0.9998
1688632341.3980 -117.7412 0.2540 -2.8997 -0.0053 -0.0035 0.0191 0.9998
1688632341.4982 -116.7689 0.3129 -2.8596 -0.0084 -0.0016 0.0212 0.9997
1688632341.5972 -115.8247 0.3676 -2.8521 -0.0111 -0.0010 0.0225 0.9997
1688632341.6972 -114.8676 0.4280 -2.8582 -0.0120 -0.0012 0.0241 0.9996
1688632341.7975 -113.9192 0.4956 -2.8181 -0.0123 -0.0015 0.0257 0.9996
1688632341.8975 -112.9727 0.5694 -2.8029 -0.0121 -0.0027 0.0281 0.9995
1688632341.9972 -112.0305 0.6214 -2.7839 -0.0071 -0.0034 0.0308 0.9995
1688632342.0976 -111.0978 0.6863 -2.6955 -0.0054 -0.0041 0.0337 0.9994
1688632342.1970 -110.1388 0.7664 -2.6925 -0.0076 -0.0055 0.0375 0.9993
1688632342.2963 -109.2064 0.8656 -2.7065 -0.0102 -0.0064 0.0412 0.9991
1688632342.3981 -108.2764 0.9704 -2.6822 -0.0134 -0.0053 0.0441 0.9989
1688632342.4971 -107.3240 1.0828 -2.6566 -0.0173 -0.0027 0.0464 0.9988
1688632342.5987 -106.3663 1.1756 -2.6470 -0.0172 -0.0001 0.0487 0.9987
1688632342.6987 -105.4501 1.2691 -2.6185 -0.0158 0.0004 0.0505 0.9986
1688632342.7989 -104.5198 1.3720 -2.6028 -0.0109 -0.0009 0.0527 0.9986
1688632342.8987 -103.5806 1.4866 -2.5983 -0.0045 0.0012 0.0549 0.9985
1688632342.9981 -102.6563 1.5808 -2.5762 0.0015 0.0055 0.0560 0.9984
1688632343.0984 -101.7518 1.6819 -2.4568 0.0041 0.0037 0.0567 0.9984
1688632343.1992 -100.8621 1.7991 -2.4398 0.0022 -0.0048 0.0577 0.9983
1688632343.2978 -99.9623 1.9072 -2.5208 -0.0015 -0.0113 0.0588 0.9982
1688632343.3982 -99.0409 2.0209 -2.5514 -0.0056 -0.0088 0.0594 0.9982
1688632343.4990 -98.1296 2.1496 -2.4881 -0.0088 -0.0023 0.0591 0.9982
1688632343.5997 -97.2305 2.2898 -2.4029 -0.0089 -0.0004 0.0589 0.9982
1688632343.6975 -96.3495 2.4108 -2.3459 -0.0084 -0.0034 0.0591 0.9982
1688632343.7980 -95.4558 2.5146 -2.3621 -0.0087 -0.0059 0.0592 0.9982
1688632343.8974 -94.5332 2.6204 -2.3892 -0.0099 -0.0044 0.0592 0.9982
1688632343.9975 -93.6285 2.7425 -2.3943 -0.0087 -0.0008 0.0586 0.9982
1688632344.0987 -92.7182 2.8530 -2.3650 -0.0019 0.0041 0.0573 0.9983
1688632344.1977 -91.8297 2.9538 -2.2319 0.0024 0.0076 0.0557 0.9984
1688632344.2976 -90.9615 3.0658 -2.1695 0.0021 -0.0001 0.0544 0.9985
1688632344.3974 -90.0925 3.1550 -2.2378 0.0033 -0.0163 0.0538 0.9984
1688632344.4969 -89.2160 3.2322 -2.2603 0.0030 -0.0240 0.0533 0.9983
1688632344.5985 -88.2963 3.3385 -2.2457 0.0008 -0.0127 0.0518 0.9986
1688632344.6964 -87.3580 3.4631 -2.2005 -0.0006 0.0078 0.0498 0.9987
1688632344.7982 -86.4495 3.5809 -2.1141 0.0002 0.0186 0.0480 0.9987
1688632344.8966 -85.5996 3.6583 -2.0547 0.0019 0.0115 0.0469 0.9988
1688632344.9974 -84.7784 3.7221 -2.0679 0.0024 -0.0030 0.0460 0.9989
1688632345.0971 -83.9249 3.8076 -2.1371 -0.0002 -0.0095 0.0449 0.9989
1688632345.1989 -83.0101 3.8990 -2.1807 -0.0029 -0.0051 0.0432 0.9990
1688632345.2982 -82.1079 3.9968 -2.1353 -0.0027 0.0026 0.0416 0.9991
1688632345.3974 -81.2359 4.0841 -2.0194 -0.0013 0.0046 0.0401 0.9992
1688632345.4971 -80.3825 4.1604 -1.9520 -0.0011 0.0003 0.0386 0.9993
1688632345.5979 -79.5252 4.2377 -1.9971 -0.0031 -0.0035 0.0373 0.9993
1688632345.6974 -78.6574 4.2931 -2.0624 -0.0065 -0.0032 0.0355 0.9993
1688632345.7980 -77.7732 4.3464 -2.0623 -0.0074 -0.0001 0.0329 0.9994
1688632345.8980 -76.8934 4.4265 -1.9787 -0.0051 0.0029 0.0301 0.9995
1688632345.9986 -76.0203 4.5065 -1.9027 -0.0040 0.0038 0.0269 0.9996
1688632346.0983 -75.1576 4.5465 -1.9173 -0.0043 0.0030 0.0233 0.9997
1688632346.1977 -74.3048 4.5597 -1.9598 -0.0053 0.0016 0.0193 0.9998
1688632346.2984 -73.4644 4.5755 -1.9689 -0.0054 -0.0002 0.0150 0.9999
1688632346.3980 -72.6028 4.6066 -1.9436 -0.0040 -0.0019 0.0101 0.9999
1688632346.4973 -71.7291 4.6416 -1.8738 -0.0036 -0.0036 0.0050 1.0000
1688632346.5985 -70.8566 4.6541 -1.8397 -0.0047 -0.0044 0.0004 1.0000
1688632346.6967 -70.0098 4.6418 -1.8584 -0.0048 -0.0041 -0.0042 1.0000
1688632346.7984 -69.1663 4.6257 -1.8404 -0.0044 -0.0034 -0.0092 0.9999
1688632346.8977 -68.2866 4.6097 -1.8045 -0.0046 -0.0023 -0.0146 0.9999
1688632346.9966 -67.4267 4.5838 -1.7744 -0.0050 -0.0016 -0.0198 0.9998
1688632347.0967 -66.5696 4.5582 -1.7667 -0.0045 -0.0009 -0.0243 0.9997
1688632347.1984 -65.7174 4.5166 -1.7586 -0.0033 -0.0009 -0.0289 0.9996
1688632347.2985 -64.8706 4.4625 -1.7269 -0.0028 -0.0011 -0.0342 0.9994
1688632347.3981 -64.0024 4.3881 -1.7102 -0.0029 -0.0009 -0.0393 0.9992
1688632347.4969 -63.1430 4.3085 -1.6958 -0.0031 -0.0005 -0.0440 0.9990
1688632347.5970 -62.2987 4.2385 -1.6774 -0.0029 -0.0002 -0.0481 0.9988
1688632347.6973 -61.4212 4.1628 -1.6585 -0.0031 -0.0006 -0.0524 0.9986
1688632347.7983 -60.5722 4.0771 -1.6456 -0.0037 -0.0011 -0.0562 0.9984
1688632347.8969 -59.7169 3.9905 -1.6286 -0.0041 -0.0014 -0.0596 0.9982
1688632347.9967 -58.8679 3.8910 -1.6188 -0.0036 -0.0012 -0.0624 0.9980
1688632348.0971 -58.0162 3.7754 -1.6028 -0.0021 -0.0013 -0.0643 0.9979
1688632348.1985 -57.1594 3.6659 -1.5647 -0.0003 -0.0020 -0.0654 0.9979
1688632348.2967 -56.2875 3.5655 -1.5387 0.0011 -0.0026 -0.0662 0.9978
1688632348.3986 -55.4193 3.4647 -1.5198 0.0016 -0.0022 -0.0666 0.9978
1688632348.4972 -54.5584 3.3593 -1.5174 0.0019 -0.0006 -0.0663 0.9978
1688632348.5981 -53.7179 3.2364 -1.5158 0.0028 0.0010 -0.0657 0.9978
1688632348.6979 -52.8661 3.1237 -1.4858 0.0030 0.0017 -0.0643 0.9979
1688632348.7987 -52.0098 3.0236 -1.4663 0.0032 0.0012 -0.0626 0.9980
1688632348.8985 -51.1441 2.9359 -1.4712 0.0038 0.0001 -0.0607 0.9981
1688632348.9993 -50.2708 2.8297 -1.4519 0.0046 -0.0014 -0.0590 0.9982
1688632349.0979 -49.3956 2.7286 -1.4190 0.0048 -0.0028 -0.0573 0.9983
1688632349.1981 -48.5267 2.6626 -1.4082 0.0040 -0.0035 -0.0550 0.9985
1688632349.2976 -47.6604 2.5867 -1.3980 0.0040 -0.0046 -0.0518 0.9986
1688632349.3976 -46.8087 2.5014 -1.3855 0.0053 -0.0059 -0.0482 0.9988
1688632349.4959 -45.9407 2.4087 -1.3450 0.0082 -0.0087 -0.0456 0.9989
1688632349.5984 -45.0449 2.3263 -1.2859 0.0107 -0.0118 -0.0429 0.9990
1688632349.6970 -44.1683 2.2632 -1.2429 0.0106 -0.0135 -0.0405 0.9990
1688632349.7989 -43.2955 2.2118 -1.2477 0.0115 -0.0141 -0.0378 0.9991
1688632349.8967 -42.4392 2.1517 -1.2289 0.0141 -0.0169 -0.0349 0.9991
1688632349.9982 -41.5904 2.0936 -1.1542 0.0160 -0.0256 -0.0326 0.9990
1688632350.0974 -40.7538 2.0398 -1.0647 0.0184 -0.0409 -0.0307 0.9985
1688632350.1981 -39.9045 1.9828 -0.9277 0.0184 -0.0558 -0.0291 0.9979
1688632350.2980 -39.0299 1.9404 -0.8253 0.0152 -0.0638 -0.0274 0.9975
1688632350.3991 -38.1431 1.9037 -0.7829 0.0139 -0.0653 -0.0251 0.9975
1688632350.4969 -37.2954 1.8523 -0.6769 0.0150 -0.0647 -0.0228 0.9975
1688632350.5983 -36.4470 1.8299 -0.5061 0.0161 -0.0646 -0.0203 0.9976
1688632350.6971 -35.5969 1.8101 -0.3530 0.0147 -0.0642 -0.0185 0.9977
1688632350.7968 -34.7333 1.8076 -0.2488 0.0124 -0.0624 -0.0169 0.9978
1688632350.8963 -33.8856 1.7819 -0.1766 0.0107 -0.0602 -0.0155 0.9980
1688632350.9970 -33.0442 1.7629 -0.0619 0.0106 -0.0590 -0.0144 0.9981
1688632351.0974 -32.2006 1.7465 0.0866 0.0101 -0.0583 -0.0132 0.9982
1688632351.1977 -31.3499 1.7339 0.2018 0.0085 -0.0569 -0.0129 0.9983
1688632351.2974 -30.5118 1.7229 0.2944 0.0073 -0.0553 -0.0130 0.9984
1688632351.3978 -29.6955 1.7001 0.4086 0.0058 -0.0544 -0.0137 0.9984
1688632351.4965 -28.8892 1.6921 0.4977 0.0049 -0.0532 -0.0143 0.9985
1688632351.5979 -28.0737 1.6820 0.6041 0.0042 -0.0504 -0.0147 0.9986
1688632351.6977 -27.2420 1.6535 0.6970 0.0052 -0.0450 -0.0151 0.9989
1688632351.7998 -26.4247 1.6273 0.7733 0.0069 -0.0382 -0.0154 0.9991
1688632351.8974 -25.5953 1.6083 0.8325 0.0083 -0.0332 -0.0160 0.9993
1688632351.9991 -24.7666 1.5848 0.9038 0.0086 -0.0317 -0.0161 0.9993
1688632352.0968 -23.9499 1.5635 1.0091 0.0080 -0.0316 -0.0163 0.9993
1688632352.1990 -23.1580 1.5420 1.0851 0.0077 -0.0286 -0.0169 0.9994
1688632352.2987 -22.3306 1.5131 1.1157 0.0074 -0.0219 -0.0176 0.9996
1688632352.3975 -21.5094 1.4883 1.1262 0.0078 -0.0150 -0.0179 0.9997
1688632352.4965 -20.6841 1.4663 1.1504 0.0083 -0.0127 -0.0182 0.9997
1688632352.5993 -19.8665 1.4482 1.2208 0.0058 -0.0163 -0.0185 0.9997
1688632352.6962 -19.0847 1.4477 1.3060 -0.0000 -0.0219 -0.0189 0.9996
1688632352.7971 -18.2955 1.4423 1.3755 -0.0054 -0.0237 -0.0194 0.9995
1688632352.8966 -17.4611 1.4168 1.3968 -0.0074 -0.0185 -0.0199 0.9996
1688632352.9965 -16.5977 1.3882 1.3860 -0.0077 -0.0096 -0.0202 0.9997
1688632353.0977 -15.7385 1.3589 1.3978 -0.0080 -0.0023 -0.0207 0.9998
1688632353.1967 -14.9110 1.3381 1.4330 -0.0079 0.0002 -0.0210 0.9997
1688632353.2960 -14.1225 1.3156 1.4897 -0.0081 -0.0008 -0.0217 0.9997
1688632353.3971 -13.3220 1.2833 1.5117 -0.0070 -0.0022 -0.0225 0.9997
1688632353.4974 -12.4768 1.2559 1.5242 -0.0073 -0.0030 -0.0226 0.9997
1688632353.5968 -11.6413 1.2181 1.5241 -0.0084 -0.0034 -0.0228 0.9997
1688632353.6969 -10.8137 1.1807 1.5405 -0.0085 -0.0022 -0.0230 0.9997
1688632353.7985 -9.9762 1.1496 1.5577 -0.0076 -0.0005 -0.0231 0.9997
1688632353.8976 -9.1520 1.1367 1.5732 -0.0069 0.0003 -0.0230 0.9997
1688632354.0003 -8.3536 1.1130 1.5912 -0.0075 -0.0006 -0.0232 0.9997
1688632354.0972 -7.5216 1.0680 1.6201 -0.0088 -0.0019 -0.0232 0.9997
1688632354.1980 -6.6770 1.0268 1.6364 -0.0092 -0.0016 -0.0230 0.9997
1688632354.2961 -5.8392 0.9988 1.6487 -0.0084 0.0003 -0.0229 0.9997
1688632354.3974 -5.0265 0.9844 1.6499 -0.0077 0.0031 -0.0230 0.9997
1688632354.4973 -4.2279 0.9620 1.6622 -0.0081 0.0041 -0.0230 0.9997
1688632354.5981 -3.4414 0.9205 1.6867 -0.0087 0.0029 -0.0229 0.9997
1688632354.6977 -2.6270 0.8903 1.7116 -0.0096 0.0007 -0.0219 0.9997
1688632354.7966 -1.8144 0.8669 1.7304 -0.0096 -0.0010 -0.0211 0.9997
1688632354.8961 -1.0377 0.8344 1.7493 -0.0087 -0.0009 -0.0207 0.9997
1688632354.9963 -0.2754 0.8062 1.7536 -0.0071 -0.0000 -0.0208 0.9998
1688632355.0959 0.5048 0.7828 1.7603 -0.0066 0.0010 -0.0204 0.9998
1688632355.1969 1.2825 0.7651 1.7867 -0.0078 0.0016 -0.0197 0.9998
1688632355.2976 2.0790 0.7513 1.8046 -0.0079 0.0018 -0.0184 0.9998
1688632355.3962 2.8481 0.7263 1.8195 -0.0069 0.0024 -0.0171 0.9998
1688632355.4976 3.5866 0.6949 1.8433 -0.0062 0.0028 -0.0161 0.9998
1688632355.5972 4.3127 0.6912 1.8498 -0.0060 0.0021 -0.0151 0.9999
1688632355.6974 5.0343 0.7077 1.8594 -0.0062 0.0006 -0.0132 0.9999
1688632355.7972 5.7421 0.6988 1.8784 -0.0060 -0.0002 -0.0106 0.9999
1688632355.8966 6.4511 0.6761 1.8925 -0.0052 0.0006 -0.0074 1.0000
1688632355.9963 7.1299 0.6713 1.9125 -0.0048 0.0026 -0.0035 1.0000
1688632356.0964 7.7907 0.6947 1.9233 -0.0044 0.0044 0.0013 1.0000
1688632356.1987 8.4361 0.7320 1.9353 -0.0045 0.0047 0.0073 1.0000
1688632356.2972 9.0767 0.7589 1.9444 -0.0048 0.0048 0.0145 0.9999
1688632356.3963 9.6866 0.7934 1.9463 -0.0044 0.0053 0.0223 0.9997
1688632356.4955 10.2849 0.8398 1.9628 -0.0046 0.0060 0.0309 0.9995
1688632356.5969 10.8752 0.9096 1.9801 -0.0051 0.0061 0.0404 0.9992
1688632356.6964 11.4447 0.9895 1.9835 -0.0049 0.0054 0.0510 0.9987
1688632356.7966 11.9947 1.0765 1.9829 -0.0043 0.0041 0.0624 0.9980
1688632356.8974 12.5342 1.1871 1.9811 -0.0042 0.0037 0.0742 0.9972
1688632356.9976 13.0667 1.3063 1.9817 -0.0049 0.0040 0.0866 0.9962
1688632357.0967 13.5565 1.4279 1.9880 -0.0059 0.0046 0.0992 0.9950
1688632357.1974 14.0264 1.5495 2.0147 -0.0069 0.0047 0.1123 0.9936
1688632357.2967 14.4898 1.6913 2.0261 -0.0072 0.0042 0.1264 0.9919
1688632357.3981 14.9454 1.8544 2.0276 -0.0091 0.0038 0.1409 0.9900
1688632357.4980 15.3609 2.0396 2.0213 -0.0112 0.0041 0.1552 0.9878
