1688633645.3216 0.0000 0.0000 0.0000 0.0000 0.0000 0.0000 1.0000
1688633645.4226 0.5262 -0.0238 0.0042 0.0002 0.0004 -0.0004 1.0000
1688633645.5199 1.3838 -0.0419 0.0481 0.0019 0.0004 -0.0018 1.0000
1688633645.6180 2.1151 -0.0447 0.0390 0.0020 0.0011 -0.0039 1.0000
1688633645.7207 2.6143 -0.0501 -0.0091 0.0054 0.0018 -0.0048 1.0000
1688633645.8191 3.0594 -0.0469 0.0316 0.0093 0.0002 -0.0045 0.9999
1688633645.9196 3.5677 -0.0495 0.0668 0.0091 -0.0045 -0.0042 0.9999
1688633646.0197 4.1905 -0.0500 0.0888 0.0043 -0.0081 -0.0053 0.9999
1688633646.1181 4.8473 -0.0515 0.0022 -0.0010 -0.0076 -0.0065 0.9999
1688633646.2164 5.4626 -0.0580 -0.0246 0.0015 -0.0034 -0.0064 1.0000
1688633646.3163 6.0310 -0.0760 0.0351 0.0091 0.0035 -0.0056 0.9999
1688633646.4187 6.5989 -0.0751 0.1346 0.0115 0.0084 -0.0054 0.9999
1688633646.5180 7.2053 -0.0561 0.1832 0.0049 0.0060 -0.0064 0.9999
1688633646.6180 7.8521 -0.0475 0.1031 -0.0044 0.0004 -0.0071 1.0000
1688633646.7189 8.5055 -0.0664 0.0164 -0.0070 -0.0022 -0.0071 0.9999
1688633646.8175 9.1211 -0.0831 0.0216 -0.0028 0.0009 -0.0066 1.0000
1688633646.9178 9.7272 -0.0713 0.1456 0.0007 0.0052 -0.0068 1.0000
1688633647.0174 10.3484 -0.0636 0.2038 0.0005 0.0070 -0.0077 0.9999
1688633647.1175 11.0103 -0.0541 0.1294 -0.0024 0.0056 -0.0081 0.9999
1688633647.2168 11.6811 -0.0803 0.0380 -0.0043 0.0039 -0.0081 1.0000
1688633647.3192 12.3336 -0.0951 0.0835 -0.0046 0.0043 -0.0081 0.9999
1688633647.4183 12.9797 -0.0941 0.1472 -0.0029 0.0057 -0.0081 0.9999
1688633647.5190 13.6373 -0.0843 0.1564 -0.0018 0.0062 -0.0085 0.9999
1688633647.6173 14.3138 -0.0943 0.1536 -0.0017 0.0025 -0.0090 1.0000
1688633647.7195 14.9727 -0.1130 0.1499 -0.0016 -0.0029 -0.0088 1.0000
1688633647.8171 15.6280 -0.1315 0.1521 -0.0021 -0.0038 -0.0088 1.0000
1688633647.9178 16.3048 -0.1370 0.1687 -0.0020 0.0016 -0.0093 1.0000
1688633648.0180 17.0317 -0.1405 0.1531 -0.0008 0.0101 -0.0097 0.9999
1688633648.1173 17.7450 -0.1320 0.1276 -0.0012 0.0151 -0.0104 0.9998
1688633648.2171 18.4423 -0.1337 0.1407 -0.0036 0.0118 -0.0109 0.9999
1688633648.3181 19.1068 -0.1436 0.1798 -0.0066 0.0024 -0.0109 0.9999
1688633648.4176 19.7796 -0.1697 0.1879 -0.0076 -0.0040 -0.0105 0.9999
1688633648.5177 20.4985 -0.1852 0.1846 -0.0082 -0.0017 -0.0101 0.9999
1688633648.6188 21.2347 -0.1806 0.1700 -0.0087 0.0068 -0.0105 0.9999
1688633648.7171 21.9902 -0.1745 0.1468 -0.0095 0.0148 -0.0111 0.9998
1688633648.8190 22.7289 -0.1825 0.1630 -0.0101 0.0178 -0.0109 0.9997
1688633648.9162 23.4447 -0.1976 0.1602 -0.0097 0.0156 -0.0099 0.9998
1688633649.0181 24.1627 -0.2134 0.1730 -0.0101 0.0122 -0.0085 0.9998
1688633649.1174 24.9048 -0.2135 0.1683 -0.0109 0.0106 -0.0077 0.9999
1688633649.2183 25.6599 -0.2094 0.1332 -0.0114 0.0119 -0.0074 0.9998
1688633649.3176 26.4390 -0.2097 0.1103 -0.0119 0.0150 -0.0070 0.9998
1688633649.4170 27.2138 -0.2068 0.1020 -0.0123 0.0177 -0.0063 0.9997
1688633649.5175 27.9851 -0.2091 0.1083 -0.0114 0.0187 -0.0056 0.9997
1688633649.6173 28.7547 -0.2036 0.1266 -0.0139 0.0174 -0.0049 0.9997
1688633649.7172 29.5202 -0.1942 0.0804 -0.0177 0.0150 -0.0036 0.9997
1688633649.8174 30.2982 -0.1917 0.0182 -0.0191 0.0135 -0.0021 0.9997
1688633649.9173 31.0777 -0.1943 0.0275 -0.0185 0.0142 -0.0010 0.9997
1688633650.0166 31.8685 -0.1786 0.0624 -0.0185 0.0164 -0.0004 0.9997
1688633650.1164 32.6744 -0.1530 0.0576 -0.0201 0.0180 0.0003 0.9996
1688633650.2171 33.4719 -0.1379 0.0009 -0.0219 0.0174 0.0010 0.9996
1688633650.3180 34.2405 -0.1267 -0.0330 -0.0227 0.0160 0.0021 0.9996
1688633650.4193 35.0274 -0.1198 -0.0269 -0.0226 0.0154 0.0034 0.9996
1688633650.5183 35.8274 -0.1076 -0.0123 -0.0219 0.0160 0.0041 0.9996
1688633650.6182 36.6342 -0.0894 -0.0197 -0.0220 0.0173 0.0046 0.9996
1688633650.7172 37.4411 -0.0734 -0.0677 -0.0218 0.0184 0.0052 0.9996
1688633650.8177 38.2432 -0.0661 -0.0701 -0.0202 0.0212 0.0055 0.9996
1688633650.9173 39.0361 -0.0455 -0.0658 -0.0222 0.0227 0.0059 0.9995
1688633651.0177 39.8089 -0.0181 -0.1091 -0.0252 0.0206 0.0064 0.9994
1688633651.1176 40.5851 -0.0041 -0.1513 -0.0242 0.0167 0.0068 0.9995
1688633651.2175 41.3697 0.0079 -0.1388 -0.0224 0.0158 0.0069 0.9996
1688633651.3163 42.1576 0.0340 -0.1245 -0.0227 0.0189 0.0068 0.9995
1688633651.4165 42.9568 0.0677 -0.1617 -0.0235 0.0221 0.0068 0.9995
1688633651.5170 43.7556 0.0762 -0.2061 -0.0234 0.0224 0.0071 0.9995
1688633651.6157 44.4951 0.0833 -0.2118 -0.0229 0.0210 0.0073 0.9995
1688633651.7158 45.2248 0.0937 -0.2077 -0.0219 0.0198 0.0076 0.9995
1688633651.8164 45.9577 0.1152 -0.2090 -0.0211 0.0198 0.0078 0.9996
1688633651.9166 46.6835 0.1414 -0.2228 -0.0212 0.0204 0.0079 0.9995
1688633652.0160 47.4146 0.1746 -0.2585 -0.0214 0.0211 0.0083 0.9995
1688633652.1172 48.1444 0.1993 -0.2630 -0.0194 0.0222 0.0088 0.9995
1688633652.2164 48.8543 0.2202 -0.2351 -0.0191 0.0223 0.0090 0.9995
1688633652.3166 49.5489 0.2432 -0.2631 -0.0189 0.0222 0.0097 0.9995
1688633652.4178 50.2290 0.2384 -0.3176 -0.0218 0.0232 0.0077 0.9995
1688633652.5168 50.8773 0.2627 -0.3545 -0.0239 0.0252 0.0063 0.9994
1688633652.6178 51.5102 0.2839 -0.3665 -0.0237 0.0261 0.0060 0.9994
1688633652.7169 52.1758 0.2911 -0.3546 -0.0226 0.0254 0.0073 0.9994
1688633652.8162 52.8522 0.2891 -0.3655 -0.0217 0.0232 0.0080 0.9995
1688633652.9167 53.5099 0.3021 -0.3992 -0.0205 0.0203 0.0078 0.9996
1688633653.0164 54.1467 0.3137 -0.4150 -0.0195 0.0165 0.0066 0.9997
1688633653.1164 54.7785 0.3337 -0.4163 -0.0201 0.0154 0.0051 0.9997
1688633653.2169 55.4485 0.3633 -0.4556 -0.0222 0.0180 0.0037 0.9996
1688633653.3175 56.1455 0.3735 -0.5204 -0.0220 0.0223 0.0030 0.9995
1688633653.4175 56.8254 0.3518 -0.5123 -0.0183 0.0256 0.0020 0.9995
1688633653.5175 57.4726 0.3465 -0.4394 -0.0151 0.0247 0.0008 0.9996
1688633653.6161 58.1182 0.3643 -0.4108 -0.0167 0.0186 -0.0005 0.9997
1688633653.7161 58.7955 0.3836 -0.5376 -0.0191 0.0121 -0.0015 0.9997
1688633653.8165 59.5022 0.3746 -0.6548 -0.0190 0.0114 -0.0022 0.9998
1688633653.9164 60.2071 0.3438 -0.6334 -0.0150 0.0159 -0.0031 0.9998
1688633654.0168 60.9130 0.3372 -0.5311 -0.0109 0.0206 -0.0044 0.9997
1688633654.1160 61.6023 0.3479 -0.4839 -0.0087 0.0206 -0.0057 0.9997
1688633654.2157 62.3153 0.3515 -0.5573 -0.0090 0.0167 -0.0063 0.9998
1688633654.3157 63.0479 0.3295 -0.6550 -0.0098 0.0131 -0.0061 0.9998
1688633654.4177 63.7726 0.3055 -0.6771 -0.0075 0.0129 -0.0062 0.9999
1688633654.5159 64.4963 0.3016 -0.6437 -0.0032 0.0162 -0.0070 0.9998
1688633654.6162 65.2453 0.2930 -0.5990 -0.0008 0.0193 -0.0082 0.9998
1688633654.7163 66.0015 0.2830 -0.6386 0.0011 0.0199 -0.0090 0.9998
1688633654.8183 66.7541 0.2586 -0.6909 0.0042 0.0187 -0.0094 0.9998
1688633654.9170 67.4978 0.2334 -0.6951 0.0058 0.0178 -0.0096 0.9998
1688633655.0165 68.2615 0.2241 -0.6722 0.0056 0.0186 -0.0097 0.9998
1688633655.1182 69.0587 0.2308 -0.7074 0.0046 0.0217 -0.0098 0.9997
1688633655.2183 69.8679 0.2145 -0.7898 0.0059 0.0240 -0.0098 0.9996
1688633655.3160 70.6616 0.1780 -0.7959 0.0087 0.0234 -0.0100 0.9996
1688633655.4165 71.4423 0.1648 -0.7434 0.0098 0.0187 -0.0101 0.9997
1688633655.5159 72.2210 0.1648 -0.7865 0.0107 0.0135 -0.0101 0.9998
1688633655.6164 73.0210 0.1530 -0.8323 0.0108 0.0126 -0.0100 0.9998
1688633655.7181 73.8641 0.1311 -0.8548 0.0105 0.0158 -0.0100 0.9998
1688633655.8159 74.7068 0.1126 -0.8720 0.0112 0.0180 -0.0103 0.9997
1688633655.9165 75.5338 0.1031 -0.8568 0.0128 0.0172 -0.0106 0.9997
1688633656.0164 76.3557 0.0949 -0.8611 0.0136 0.0151 -0.0103 0.9997
1688633656.1174 77.1954 0.0744 -0.8805 0.0123 0.0145 -0.0103 0.9998
1688633656.2167 78.0607 0.0628 -0.9213 0.0109 0.0150 -0.0107 0.9998
1688633656.3167 78.9347 0.0571 -0.9356 0.0107 0.0137 -0.0109 0.9998
1688633656.4173 79.7935 0.0386 -0.9253 0.0113 0.0111 -0.0109 0.9998
1688633656.5178 80.6537 0.0252 -0.9112 0.0112 0.0094 -0.0105 0.9998
1688633656.6184 81.5347 0.0153 -0.9317 0.0103 0.0106 -0.0101 0.9998
1688633656.7179 82.4324 0.0027 -0.9652 0.0092 0.0136 -0.0101 0.9998
1688633656.8175 83.3280 -0.0142 -0.9770 0.0086 0.0157 -0.0101 0.9998
1688633656.9168 84.2094 -0.0184 -0.9759 0.0092 0.0164 -0.0102 0.9998
1688633657.0161 85.0930 -0.0223 -0.9675 0.0094 0.0156 -0.0101 0.9998
1688633657.1173 85.9923 -0.0385 -0.9901 0.0094 0.0145 -0.0098 0.9998
1688633657.2157 86.8930 -0.0676 -1.0269 0.0082 0.0141 -0.0098 0.9998
1688633657.3161 87.7915 -0.0826 -1.0620 0.0098 0.0150 -0.0102 0.9998
1688633657.4160 88.6980 -0.0879 -1.0252 0.0111 0.0163 -0.0106 0.9997
1688633657.5163 89.6089 -0.0907 -1.0158 0.0105 0.0157 -0.0111 0.9998
1688633657.6172 90.5170 -0.1074 -1.0481 0.0099 0.0130 -0.0119 0.9998
1688633657.7170 91.4150 -0.1302 -1.0798 0.0087 0.0111 -0.0131 0.9998
1688633657.8161 92.3149 -0.1548 -1.0890 0.0080 0.0114 -0.0147 0.9998
1688633657.9174 93.2333 -0.1728 -1.0831 0.0073 0.0125 -0.0166 0.9998
1688633658.0162 94.1535 -0.2029 -1.0764 0.0067 0.0129 -0.0189 0.9997
1688633658.1164 95.0702 -0.2276 -1.0908 0.0050 0.0130 -0.0212 0.9997
1688633658.2165 95.9932 -0.2530 -1.1135 0.0041 0.0133 -0.0235 0.9996
1688633658.3176 96.9119 -0.2910 -1.1162 0.0036 0.0138 -0.0260 0.9996
1688633658.4168 97.8322 -0.3491 -1.1346 0.0052 0.0150 -0.0287 0.9995
1688633658.5181 98.7566 -0.4082 -1.1214 0.0043 0.0157 -0.0315 0.9994
1688633658.6183 99.6847 -0.4565 -1.1294 0.0009 0.0134 -0.0346 0.9993
1688633658.7173 100.5980 -0.5096 -1.1510 -0.0004 0.0092 -0.0379 0.9992
1688633658.8183 101.5139 -0.5749 -1.1535 -0.0008 0.0070 -0.0414 0.9991
1688633658.9177 102.4489 -0.6493 -1.1378 -0.0024 0.0093 -0.0456 0.9989
1688633659.0163 103.3899 -0.7362 -1.1542 -0.0051 0.0144 -0.0507 0.9986
1688633659.1173 104.3410 -0.8315 -1.1878 -0.0044 0.0190 -0.0566 0.9982
1688633659.2174 105.2794 -0.9421 -1.1926 -0.0042 0.0187 -0.0626 0.9979
1688633659.3167 106.1947 -1.0562 -1.1943 -0.0062 0.0115 -0.0687 0.9976
1688633659.4168 107.1189 -1.1977 -1.2173 -0.0073 0.0027 -0.0754 0.9971
1688633659.5172 108.0394 -1.3641 -1.1639 -0.0057 0.0020 -0.0827 0.9966
1688633659.6170 108.9814 -1.5130 -1.1594 -0.0072 0.0078 -0.0906 0.9958
1688633659.7176 109.9601 -1.6736 -1.2538 -0.0084 0.0120 -0.0987 0.9950
1688633659.8161 110.8991 -1.8830 -1.2608 -0.0083 0.0116 -0.1068 0.9942
1688633659.9171 111.8227 -2.1040 -1.1970 -0.0071 0.0099 -0.1145 0.9934
1688633660.0159 112.7508 -2.3208 -1.1702 -0.0073 0.0093 -0.1217 0.9925
1688633660.1170 113.6976 -2.5547 -1.2085 -0.0075 0.0090 -0.1285 0.9916
1688633660.2175 114.6368 -2.8136 -1.2390 -0.0063 0.0087 -0.1352 0.9908
1688633660.3159 115.5740 -3.0940 -1.2300 -0.0043 0.0092 -0.1416 0.9899
1688633660.4162 116.5104 -3.3824 -1.2127 -0.0021 0.0109 -0.1476 0.9890
1688633660.5158 117.4640 -3.6784 -1.2141 0.0022 0.0130 -0.1525 0.9882
1688633660.6174 118.4142 -3.9820 -1.2057 0.0048 0.0143 -0.1559 0.9877
1688633660.7162 119.3547 -4.2819 -1.2345 0.0051 0.0124 -0.1583 0.9873
1688633660.8173 120.2689 -4.5870 -1.2414 0.0048 0.0074 -0.1599 0.9871
1688633660.9175 121.1903 -4.8835 -1.2224 0.0043 0.0036 -0.1609 0.9870
1688633661.0173 122.1228 -5.1961 -1.2280 0.0033 0.0042 -0.1623 0.9867
1688633661.1166 123.0882 -5.5114 -1.2450 0.0027 0.0078 -0.1638 0.9865
1688633661.2167 124.0539 -5.8284 -1.2577 0.0031 0.0111 -0.1652 0.9862
1688633661.3179 124.9997 -6.1518 -1.2321 0.0031 0.0122 -0.1662 0.9860
1688633661.4161 125.9290 -6.4701 -1.2187 0.0022 0.0106 -0.1664 0.9860
1688633661.5173 126.8543 -6.7823 -1.2313 0.0011 0.0090 -0.1662 0.9860
1688633661.6161 127.7933 -7.0877 -1.2049 -0.0030 0.0106 -0.1657 0.9861
1688633661.7161 128.7661 -7.3765 -1.2549 -0.0106 0.0163 -0.1646 0.9862
1688633661.8174 129.7163 -7.7010 -1.4416 -0.0058 0.0160 -0.1641 0.9863
1688633661.9173 130.6161 -8.0509 -1.3293 0.0064 0.0079 -0.1639 0.9864
1688633662.0161 131.5134 -8.3890 -1.1036 0.0107 0.0009 -0.1641 0.9864
1688633662.1172 132.4701 -8.6848 -1.1189 0.0078 0.0043 -0.1637 0.9865
1688633662.2166 133.4448 -8.9846 -1.3248 0.0042 0.0127 -0.1626 0.9866
1688633662.3168 134.3664 -9.2886 -1.3636 0.0027 0.0132 -0.1614 0.9868
1688633662.4169 135.2374 -9.5748 -1.2045 -0.0026 0.0076 -0.1605 0.9870
1688633662.5163 136.1358 -9.8272 -1.1604 -0.0132 0.0039 -0.1594 0.9871
1688633662.6169 137.0649 -10.1021 -1.3256 -0.0132 0.0076 -0.1587 0.9872
1688633662.7173 137.9680 -10.4082 -1.3151 -0.0068 0.0180 -0.1584 0.9872
1688633662.8166 138.8621 -10.6951 -1.2163 -0.0023 0.0240 -0.1585 0.9871
1688633662.9172 139.7215 -10.9689 -1.1830 -0.0006 0.0183 -0.1586 0.9872
1688633663.0176 140.5338 -11.2484 -1.2122 -0.0019 0.0081 -0.1583 0.9873
1688633663.1163 141.3422 -11.5222 -1.2594 -0.0044 0.0051 -0.1581 0.9874
1688633663.2157 142.1739 -11.7876 -1.3012 -0.0060 0.0098 -0.1590 0.9872
1688633663.3177 143.0357 -12.0477 -1.2938 -0.0051 0.0150 -0.1612 0.9868
1688633663.4165 143.8773 -12.3092 -1.2349 -0.0040 0.0156 -0.1635 0.9864
1688633663.5167 144.6667 -12.5814 -1.2050 -0.0047 0.0125 -0.1653 0.9862
1688633663.6163 145.4219 -12.8539 -1.2414 -0.0064 0.0093 -0.1669 0.9859
1688633663.7171 146.1729 -13.1337 -1.2894 -0.0065 0.0089 -0.1688 0.9856
1688633663.8172 146.9506 -13.4040 -1.2737 -0.0050 0.0110 -0.1711 0.9852
1688633663.9158 147.7331 -13.6692 -1.2182 -0.0052 0.0125 -0.1740 0.9847
1688633664.0167 148.4722 -13.9228 -1.2124 -0.0068 0.0104 -0.1771 0.9841
1688633664.1172 149.1857 -14.1884 -1.2482 -0.0081 0.0068 -0.1806 0.9835
1688633664.2162 149.8861 -14.4715 -1.2589 -0.0073 0.0058 -0.1843 0.9828
1688633664.3180 150.6007 -14.7701 -1.2439 -0.0038 0.0086 -0.1888 0.9820
1688633664.4177 151.2953 -15.0687 -1.2069 -0.0021 0.0115 -0.1939 0.9810
1688633664.5165 151.9809 -15.3455 -1.1941 -0.0032 0.0099 -0.1998 0.9798
1688633664.6157 152.6499 -15.6378 -1.2172 -0.0047 0.0050 -0.2059 0.9785
1688633664.7174 153.3158 -15.9422 -1.2115 -0.0044 0.0016 -0.2127 0.9771
1688633664.8160 153.9962 -16.2889 -1.2015 -0.0036 0.0032 -0.2202 0.9754
1688633664.9163 154.6790 -16.6249 -1.2149 -0.0015 0.0063 -0.2283 0.9736
1688633665.0153 155.3309 -16.9702 -1.1834 0.0024 0.0094 -0.2368 0.9715
1688633665.1152 155.9705 -17.2977 -1.1435 -0.0000 0.0100 -0.2457 0.9693
1688633665.2171 156.6075 -17.6327 -1.1715 -0.0053 0.0063 -0.2550 0.9669
1688633665.3163 157.2252 -18.0200 -1.2271 -0.0061 0.0009 -0.2645 0.9644
1688633665.4159 157.8189 -18.4180 -1.1700 -0.0028 -0.0022 -0.2744 0.9616
1688633665.5172 158.4213 -18.8107 -1.0817 -0.0007 -0.0014 -0.2851 0.9585
1688633665.6160 159.0324 -19.2081 -1.0638 -0.0031 0.0021 -0.2962 0.9551
1688633665.7160 159.6484 -19.6273 -1.1459 -0.0067 0.0048 -0.3077 0.9514
1688633665.8163 160.2142 -20.0598 -1.1954 -0.0069 0.0055 -0.3191 0.9477
1688633665.9169 160.7507 -20.5130 -1.1269 -0.0048 0.0050 -0.3304 0.9438
1688633666.0163 161.2862 -20.9773 -1.0457 -0.0028 0.0034 -0.3429 0.9393
1688633666.1158 161.8221 -21.4543 -1.0043 -0.0038 0.0024 -0.3566 0.9343
1688633666.2170 162.3453 -21.9349 -1.0392 -0.0075 0.0013 -0.3700 0.9290
1688633666.3175 162.8392 -22.4269 -1.1069 -0.0095 0.0006 -0.3834 0.9235
1688633666.4177 163.3097 -22.9538 -1.0881 -0.0068 0.0020 -0.3966 0.9179
1688633666.5163 163.7772 -23.4943 -0.9906 -0.0063 0.0044 -0.4105 0.9118
1688633666.6163 164.2399 -24.0364 -0.9475 -0.0087 0.0065 -0.4254 0.9049
1688633666.7165 164.7028 -24.5982 -1.0151 -0.0110 0.0070 -0.4409 0.8974
1688633666.8163 165.1154 -25.1890 -1.0467 -0.0099 0.0045 -0.4568 0.8895
1688633666.9170 165.4793 -25.7802 -0.9497 -0.0102 -0.0003 -0.4720 0.8815
1688633667.0176 165.8333 -26.3558 -0.8821 -0.0129 -0.0062 -0.4868 0.8734
1688633667.1176 166.1701 -26.9559 -0.8940 -0.0156 -0.0100 -0.5020 0.8647
1688633667.2169 166.4797 -27.5986 -0.9344 -0.0139 -0.0098 -0.5172 0.8557
1688633667.3169 166.7819 -28.2656 -0.9150 -0.0084 -0.0071 -0.5322 0.8466
1688633667.4175 167.0720 -28.9449 -0.8104 -0.0046 -0.0063 -0.5473 0.8369
1688633667.5163 167.3347 -29.6077 -0.7215 -0.0062 -0.0086 -0.5624 0.8268
1688633667.6154 167.5727 -30.2654 -0.7352 -0.0106 -0.0115 -0.5771 0.8165
1688633667.7150 167.7778 -30.9624 -0.7982 -0.0122 -0.0127 -0.5916 0.8061
1688633667.8171 167.9444 -31.6748 -0.8032 -0.0066 -0.0114 -0.6062 0.7952
1688633667.9151 168.1067 -32.4145 -0.6606 -0.0019 -0.0094 -0.6204 0.7842
1688633668.0155 168.2667 -33.1680 -0.5703 -0.0022 -0.0100 -0.6343 0.7730
1688633668.1166 168.4052 -33.9161 -0.5941 -0.0050 -0.0130 -0.6468 0.7625
1688633668.2175 168.4922 -34.6587 -0.6299 -0.0059 -0.0157 -0.6580 0.7528
1688633668.3162 168.5409 -35.4067 -0.6031 -0.0045 -0.0161 -0.6684 0.7436
1688633668.4175 168.6011 -36.1805 -0.5185 -0.0035 -0.0149 -0.6783 0.7346
1688633668.5167 168.6655 -36.9655 -0.4678 -0.0034 -0.0143 -0.6868 0.7267
1688633668.6170 168.7040 -37.7601 -0.4677 -0.0038 -0.0147 -0.6935 0.7203
1688633668.7156 168.7181 -38.5412 -0.4448 -0.0041 -0.0144 -0.6985 0.7155
1688633668.8171 168.7242 -39.3226 -0.4136 -0.0025 -0.0152 -0.7021 0.7119
1688633668.9166 168.7266 -40.1137 -0.3626 -0.0017 -0.0158 -0.7046 0.7094
1688633669.0153 168.7459 -40.9256 -0.3109 -0.0029 -0.0165 -0.7062 0.7078
1688633669.1154 168.7464 -41.7562 -0.3067 0.0029 0.0176 0.7071 -0.7069
1688633669.2151 168.7524 -42.5682 -0.2845 0.0030 0.0175 0.7074 -0.7066
1688633669.3162 168.7607 -43.4006 -0.2317 -0.0043 -0.0181 -0.7067 0.7072
1688633669.4157 168.7645 -44.2315 -0.1898 -0.0056 -0.0210 -0.7055 0.7084
1688633669.5154 168.7763 -45.0760 -0.1448 -0.0063 -0.0220 -0.7045 0.7093
1688633669.6174 168.7795 -45.9428 -0.1014 -0.0056 -0.0202 -0.7042 0.7097
1688633669.7158 168.7824 -46.8376 -0.0773 -0.0039 -0.0178 -0.7041 0.7099
1688633669.8170 168.7966 -47.7349 -0.0513 -0.0023 -0.0165 -0.7036 0.7104
1688633669.9154 168.8147 -48.6098 0.0059 -0.0001 -0.0180 -0.7032 0.7108
1688633670.0171 168.8188 -49.4844 0.0486 0.0022 -0.0199 -0.7038 0.7101
1688633670.1153 168.8355 -50.4060 0.1317 -0.0003 -0.0200 -0.7046 0.7093
1688633670.2154 168.8584 -51.3110 0.1233 -0.0047 -0.0206 -0.7052 0.7087
1688633670.3157 168.8803 -52.2254 0.1670 -0.0055 -0.0229 -0.7053 0.7085
1688633670.4170 168.8722 -53.1371 0.2288 -0.0051 -0.0217 -0.7056 0.7082
1688633670.5168 168.8766 -54.0729 0.2702 -0.0052 -0.0192 -0.7062 0.7078
1688633670.6176 168.8931 -55.0231 0.2956 -0.0051 -0.0173 -0.7069 0.7071
1688633670.7168 168.9078 -55.9802 0.3601 0.0047 0.0163 0.7074 -0.7066
1688633670.8178 168.9035 -56.9713 0.3866 0.0039 0.0160 0.7077 -0.7063
1688633670.9180 168.9091 -57.9361 0.4160 0.0013 0.0173 0.7082 -0.7058
1688633671.0173 168.9043 -58.8968 0.4815 -0.0004 0.0194 0.7086 -0.7054
1688633671.1159 168.8888 -59.8488 0.5406 0.0007 0.0237 0.7088 -0.7050
1688633671.2160 168.8711 -60.8219 0.5861 0.0018 0.0283 0.7088 -0.7048
1688633671.3159 168.8588 -61.8290 0.6302 -0.0019 0.0271 0.7092 -0.7045
1688633671.4156 168.8618 -62.8520 0.6643 -0.0075 0.0185 0.7098 -0.7041
1688633671.5154 168.8748 -63.8917 0.6621 -0.0077 0.0125 0.7104 -0.7037
1688633671.6157 168.8801 -64.8804 0.7016 -0.0023 0.0168 0.7102 -0.7038
1688633671.7157 168.8809 -65.8356 0.7912 0.0023 0.0221 0.7099 -0.7040
1688633671.8168 168.8758 -66.8260 0.8527 0.0035 0.0207 0.7100 -0.7039
1688633671.9158 168.8795 -67.8734 0.8624 0.0020 0.0158 0.7100 -0.7040
1688633672.0175 168.8694 -68.9484 0.8404 -0.0014 0.0136 0.7099 -0.7041
1688633672.1174 168.8473 -69.9961 0.8968 -0.0049 0.0143 0.7098 -0.7042
1688633672.2165 168.8440 -71.0131 0.9917 -0.0075 0.0153 0.7096 -0.7044
1688633672.3164 168.8395 -72.0650 1.0439 -0.0101 0.0158 0.7092 -0.7048
1688633672.4159 168.8407 -73.1398 1.0679 -0.0097 0.0141 0.7089 -0.7051
1688633672.5165 168.8461 -74.2156 1.0292 -0.0063 0.0146 0.7086 -0.7054
1688633672.6170 168.8484 -75.2597 1.0451 -0.0028 0.0149 0.7084 -0.7056
1688633672.7165 168.8577 -76.2788 1.1132 -0.0003 0.0124 0.7084 -0.7057
1688633672.8163 168.8769 -77.3548 1.1304 -0.0009 0.0087 0.7083 -0.7059
1688633672.9159 168.8801 -78.4556 1.1315 -0.0027 0.0058 0.7083 -0.7059
1688633673.0176 168.8809 -79.5590 1.1758 -0.0029 0.0058 0.7084 -0.7058
1688633673.1171 168.8680 -80.6644 1.2264 -0.0013 0.0077 0.7085 -0.7057
1688633673.2180 168.8579 -81.7417 1.2334 -0.0033 0.0097 0.7085 -0.7057
1688633673.3170 168.8720 -82.8254 1.2811 -0.0059 0.0084 0.7088 -0.7053
1688633673.4180 168.8947 -83.9080 1.2792 -0.0061 0.0089 0.7088 -0.7054
1688633673.5177 168.8841 -84.9942 1.3022 -0.0057 0.0115 0.7087 -0.7054
1688633673.6178 168.8825 -86.0830 1.3643 -0.0050 0.0119 0.7085 -0.7056
1688633673.7165 168.8779 -87.1715 1.3963 -0.0037 0.0108 0.7087 -0.7055
1688633673.8158 168.8868 -88.2622 1.3995 -0.0024 0.0101 0.7089 -0.7052
1688633673.9175 168.8921 -89.3587 1.4218 -0.0019 0.0090 0.7089 -0.7052
1688633674.0168 168.8964 -90.4735 1.4446 -0.0027 0.0085 0.7089 -0.7053
1688633674.1165 168.8936 -91.5914 1.4519 -0.0067 0.0105 0.7091 -0.7050
1688633674.2163 168.8955 -92.6727 1.5361 -0.0088 0.0113 0.7093 -0.7048
1688633674.3168 168.9002 -93.7523 1.5796 -0.0073 0.0130 0.7095 -0.7045
1688633674.4149 168.8857 -94.8224 1.6018 -0.0045 0.0149 0.7094 -0.7046
1688633674.5169 168.8741 -95.9085 1.6214 -0.0027 0.0137 0.7094 -0.7047
1688633674.6148 168.8803 -97.0340 1.6210 -0.0035 0.0094 0.7097 -0.7045
1688633674.7148 168.8965 -98.1615 1.6363 -0.0054 0.0057 0.7099 -0.7042
1688633674.8169 168.9016 -99.2596 1.6833 -0.0064 0.0047 0.7100 -0.7042
1688633674.9171 168.8901 -100.3374 1.7252 -0.0056 0.0058 0.7098 -0.7043
1688633675.0157 168.8695 -101.4252 1.7144 -0.0060 0.0085 0.7098 -0.7044
1688633675.1168 168.8778 -102.5249 1.7606 -0.0069 0.0090 0.7099 -0.7042
1688633675.2152 168.8994 -103.6137 1.7785 -0.0055 0.0086 0.7102 -0.7039
1688633675.3163 168.8934 -104.7010 1.7902 -0.0042 0.0094 0.7105 -0.7036
1688633675.4172 168.8804 -105.8000 1.8226 -0.0037 0.0081 0.7102 -0.7039
1688633675.5148 168.8753 -106.8947 1.8945 -0.0025 0.0046 0.7100 -0.7042
1688633675.6168 168.9116 -107.9676 1.9139 0.0036 0.0035 0.7102 -0.7040
1688633675.7156 168.9175 -109.0558 1.8672 0.0073 0.0078 0.7104 -0.7038
1688633675.8156 168.8791 -110.1340 1.9220 0.0034 0.0098 0.7102 -0.7039
1688633675.9166 168.8541 -111.2305 2.0109 -0.0026 0.0081 0.7103 -0.7038
1688633676.0168 168.8684 -112.3118 2.0644 -0.0066 0.0081 0.7107 -0.7034
1688633676.1172 168.8548 -113.3870 2.0749 -0.0069 0.0096 0.7109 -0.7032
1688633676.2156 168.8387 -114.4658 2.0556 -0.0049 0.0114 0.7110 -0.7031
1688633676.3159 168.8253 -115.5268 2.0869 -0.0035 0.0127 0.7110 -0.7030
1688633676.4162 168.8246 -116.6113 2.1208 -0.0044 0.0128 0.7113 -0.7028
1688633676.5156 168.8221 -117.7110 2.1627 -0.0081 0.0131 0.7115 -0.7026
1688633676.6172 168.8030 -118.7836 2.2139 -0.0104 0.0137 0.7116 -0.7024
1688633676.7176 168.7821 -119.8380 2.2236 -0.0097 0.0141 0.7116 -0.7024
1688633676.8152 168.7812 -120.9048 2.2391 -0.0089 0.0157 0.7115 -0.7024
1688633676.9153 168.7630 -121.9572 2.2712 -0.0092 0.0164 0.7117 -0.7022
1688633677.0168 168.7523 -123.0277 2.2905 -0.0104 0.0159 0.7120 -0.7019
1688633677.1155 168.7481 -124.1112 2.3223 -0.0110 0.0148 0.7121 -0.7019
1688633677.2158 168.7440 -125.1876 2.3567 -0.0115 0.0144 0.7121 -0.7018
1688633677.3178 168.7289 -126.2526 2.3880 -0.0117 0.0141 0.7122 -0.7017
1688633677.4174 168.7204 -127.3074 2.4269 -0.0114 0.0134 0.7121 -0.7018
1688633677.5155 168.7262 -128.3584 2.4431 -0.0101 0.0123 0.7121 -0.7019
1688633677.6155 168.7153 -129.4270 2.4589 -0.0083 0.0120 0.7122 -0.7018
1688633677.7171 168.7029 -130.4678 2.4690 -0.0065 0.0120 0.7124 -0.7016
1688633677.8153 168.7010 -131.5083 2.5104 -0.0053 0.0112 0.7126 -0.7014
1688633677.9164 168.7178 -132.5600 2.5443 -0.0051 0.0098 0.7127 -0.7014
1688633678.0154 168.7198 -133.6036 2.5687 -0.0042 0.0081 0.7127 -0.7014
1688633678.1177 168.6963 -134.6390 2.5969 -0.0031 0.0082 0.7127 -0.7014
1688633678.2165 168.6815 -135.6645 2.6214 -0.0031 0.0092 0.7125 -0.7016
1688633678.3164 168.6687 -136.7051 2.6448 -0.0040 0.0098 0.7121 -0.7020
1688633678.4166 168.6621 -137.7421 2.6754 -0.0053 0.0098 0.7119 -0.7022
1688633678.5164 168.6556 -138.7688 2.7070 -0.0064 0.0096 0.7117 -0.7024
1688633678.6160 168.6492 -139.7766 2.7538 -0.0065 0.0100 0.7114 -0.7027
1688633678.7181 168.6248 -140.7822 2.7687 -0.0062 0.0107 0.7108 -0.7033
1688633678.8162 168.6049 -141.7926 2.7665 -0.0068 0.0100 0.7104 -0.7037
1688633678.9161 168.6143 -142.8041 2.7905 -0.0087 0.0090 0.7102 -0.7039
1688633679.0170 168.6226 -143.8083 2.8172 -0.0122 0.0107 0.7101 -0.7039
1688633679.1167 168.5987 -144.7952 2.8604 -0.0146 0.0133 0.7097 -0.7042
1688633679.2157 168.5924 -145.7672 2.9373 -0.0126 0.0135 0.7094 -0.7045
1688633679.3160 168.6102 -146.7496 2.8901 -0.0093 0.0121 0.7092 -0.7049
1688633679.4161 168.6097 -147.7464 2.8389 -0.0098 0.0110 0.7085 -0.7055
1688633679.5155 168.6043 -148.7305 2.8806 -0.0123 0.0083 0.7083 -0.7058
1688633679.6155 168.6140 -149.7139 2.9828 -0.0135 0.0062 0.7083 -0.7058
1688633679.7170 168.6371 -150.7047 3.0300 -0.0127 0.0046 0.7080 -0.7061
1688633679.8173 168.6466 -151.6769 2.9606 -0.0131 0.0031 0.7073 -0.7067
1688633679.9164 168.6483 -152.6252 2.9417 0.0118 -0.0022 -0.7069 0.7072
1688633680.0162 168.6451 -153.5327 2.9533 0.0053 -0.0095 -0.7068 0.7073
1688633680.1171 168.6524 -154.4432 3.0741 -0.0054 -0.0198 -0.7063 0.7076
1688633680.2163 168.6794 -155.3492 3.1448 -0.0102 -0.0220 -0.7056 0.7082
1688633680.3154 168.6927 -156.3121 3.1605 -0.0010 -0.0117 -0.7053 0.7089
1688633680.4152 168.7157 -157.3019 3.1225 0.0109 0.0079 -0.7056 0.7085
1688633680.5168 168.7452 -158.2381 3.0456 0.0163 0.0194 -0.7061 0.7077
1688633680.6161 168.7584 -159.1173 3.0940 0.0079 0.0120 -0.7066 0.7075
1688633680.7168 168.7576 -159.9295 3.1974 -0.0123 -0.0103 -0.7064 0.7077
1688633680.8156 168.7434 -160.7301 3.3007 -0.0273 -0.0282 -0.7054 0.7077
1688633680.9155 168.7366 -161.5916 3.3154 -0.0210 -0.0273 -0.7051 0.7082
1688633681.0175 168.7551 -162.5248 3.3006 0.0008 -0.0078 -0.7059 0.7083
1688633681.1161 168.7633 -163.4786 3.2418 0.0209 0.0087 -0.7064 0.7075
1688633681.2171 168.7611 -164.3394 3.3054 0.0252 0.0068 -0.7065 0.7073
1688633681.3166 168.7696 -165.0942 3.4464 0.0104 -0.0093 -0.7063 0.7078
1688633681.4159 168.7743 -165.8479 3.4736 -0.0044 -0.0215 -0.7056 0.7083
1688633681.5158 168.7650 -166.6639 3.4324 -0.0054 -0.0208 -0.7054 0.7085
1688633681.6167 168.7550 -167.5409 3.3979 0.0045 -0.0114 -0.7061 0.7080
1688633681.7175 168.7801 -168.4193 3.4286 0.0126 -0.0043 -0.7066 0.7074
1688633681.8166 168.8137 -169.2310 3.4948 0.0116 -0.0038 -0.7069 0.7072
1688633681.9162 168.8270 -169.9962 3.5086 0.0053 -0.0083 -0.7064 0.7077
1688633682.0153 168.8022 -170.7558 3.5176 0.0013 -0.0113 -0.7058 0.7083
1688633682.1171 168.7985 -171.5358 3.5476 0.0019 -0.0106 -0.7059 0.7082
1688633682.2162 168.8303 -172.3473 3.5757 0.0032 -0.0060 -0.7065 0.7076
1688633682.3165 168.8577 -173.1282 3.5611 0.0034 -0.0028 -0.7070 0.7072
1688633682.4153 168.8770 -173.8892 3.5699 0.0036 -0.0024 -0.7070 0.7072
1688633682.5156 168.8658 -174.6178 3.5997 -0.0041 0.0041 0.7071 -0.7071
1688633682.6158 168.8632 -175.3574 3.6499 0.0044 -0.0057 -0.7070 0.7072
1688633682.7166 168.8708 -176.0942 3.6904 0.0039 -0.0061 -0.7068 0.7074
1688633682.8172 168.8711 -176.8141 3.6612 0.0034 -0.0061 -0.7069 0.7073
1688633682.9152 168.8667 -177.5353 3.6594 0.0041 -0.0064 -0.7070 0.7071
1688633683.0157 168.8780 -178.2349 3.6965 -0.0046 0.0072 0.7072 -0.7069
1688633683.1165 168.8965 -178.9468 3.7366 -0.0036 0.0076 0.7074 -0.7068
1688633683.2157 168.8985 -179.6474 3.7455 -0.0026 0.0076 0.7075 -0.7067
1688633683.3166 168.8964 -180.3626 3.7401 -0.0018 0.0069 0.7076 -0.7066
1688633683.4151 168.8952 -181.0597 3.7597 -0.0022 0.0061 0.7079 -0.7063
1688633683.5167 168.9003 -181.7616 3.7890 -0.0031 0.0055 0.7085 -0.7057
1688633683.6166 168.9038 -182.4749 3.8065 -0.0042 0.0051 0.7091 -0.7050
1688633683.7152 168.8999 -183.1745 3.8298 -0.0049 0.0038 0.7099 -0.7043
1688633683.8146 168.9116 -183.8274 3.8703 -0.0027 0.0042 0.7105 -0.7036
1688633683.9160 168.9132 -184.4542 3.8852 0.0014 0.0096 0.7114 -0.7027
1688633684.0153 168.8967 -185.0976 3.8832 0.0037 0.0153 0.7126 -0.7014
1688633684.1153 168.8671 -185.7619 3.8956 0.0029 0.0152 0.7142 -0.6998
1688633684.2154 168.8651 -186.4163 3.9200 -0.0009 0.0094 0.7158 -0.6982
1688633684.3156 168.8459 -187.0601 3.9488 -0.0059 0.0027 0.7178 -0.6962
1688633684.4150 168.8216 -187.6697 3.9952 -0.0074 -0.0007 0.7201 -0.6938
1688633684.5152 168.8051 -188.2665 4.0118 -0.0046 0.0015 0.7220 -0.6919
1688633684.6165 168.7886 -188.8556 4.0046 -0.0019 0.0062 0.7239 -0.6898
1688633684.7162 168.7552 -189.4657 4.0255 -0.0013 0.0082 0.7269 -0.6867
1688633684.8168 168.7138 -190.0511 4.0518 -0.0023 0.0063 0.7305 -0.6828
1688633684.9155 168.6680 -190.6310 4.0576 -0.0024 0.0027 0.7345 -0.6786
1688633685.0148 168.6014 -191.1941 4.0355 -0.0019 0.0009 0.7383 -0.6745
1688633685.1152 168.5528 -191.7541 4.0442 -0.0021 0.0022 0.7420 -0.6704
1688633685.2151 168.4933 -192.2910 4.0967 -0.0034 0.0037 0.7464 -0.6655
1688633685.3168 168.4210 -192.8375 4.1449 -0.0032 0.0040 0.7519 -0.6592
1688633685.4154 168.3338 -193.3732 4.1398 -0.0017 0.0032 0.7582 -0.6520
1688633685.5155 168.2439 -193.8986 4.1186 -0.0004 0.0018 0.7650 -0.6441
1688633685.6156 168.1249 -194.4065 4.0925 -0.0008 0.0013 0.7720 -0.6357
1688633685.7150 167.9967 -194.9094 4.1172 -0.0032 0.0019 0.7795 -0.6264
1688633685.8150 167.8442 -195.3993 4.1621 -0.0063 0.0044 0.7880 -0.6156
1688633685.9152 167.6867 -195.8804 4.1938 -0.0089 0.0071 0.7970 -0.6039
1688633686.0169 167.5168 -196.3557 4.1922 -0.0118 0.0094 0.8064 -0.5911
1688633686.1165 167.3293 -196.8177 4.1708 -0.0150 0.0106 0.8160 -0.5778
1688633686.2162 167.1221 -197.2546 4.1758 -0.0173 0.0132 0.8256 -0.5639
1688633686.3174 166.9043 -197.6790 4.2014 -0.0169 0.0158 0.8355 -0.5491
1688633686.4157 166.6902 -198.0966 4.2355 -0.0162 0.0154 0.8460 -0.5327
1688633686.5166 166.4517 -198.5257 4.1858 -0.0182 0.0122 0.8565 -0.5157
1688633686.6158 166.1817 -198.9494 4.1171 -0.0229 0.0115 0.8666 -0.4983
1688633686.7152 165.8876 -199.3320 4.1235 -0.0281 0.0162 0.8767 -0.4799
1688633686.8161 165.5685 -199.6726 4.2419 -0.0289 0.0212 0.8868 -0.4607
1688633686.9153 165.2638 -200.0121 4.3098 -0.0251 0.0202 0.8971 -0.4406
1688633687.0147 164.9671 -200.3806 4.2137 -0.0203 0.0143 0.9076 -0.4190
1688633687.1165 164.6281 -200.7571 4.0494 -0.0196 0.0097 0.9174 -0.3974
1688633687.2143 164.2373 -201.0843 3.9869 -0.0250 0.0131 0.9259 -0.3766
1688633687.3161 163.8373 -201.3355 4.1269 -0.0325 0.0204 0.9337 -0.3561
1688633687.4156 163.4684 -201.5814 4.2728 -0.0360 0.0236 0.9413 -0.3348
1688633687.5170 163.0573 -201.8759 4.2256 -0.0353 0.0195 0.9493 -0.3118
1688633687.6151 162.5896 -202.1952 4.0399 -0.0341 0.0127 0.9571 -0.2876
1688633687.7168 162.1007 -202.4606 3.9098 -0.0360 0.0093 0.9639 -0.2638
1688633687.8150 161.6280 -202.6704 3.9532 -0.0410 0.0111 0.9696 -0.2411
1688633687.9162 161.1500 -202.8605 4.0754 -0.0452 0.0133 0.9747 -0.2186
1688633688.0150 160.6515 -203.0584 4.0783 -0.0450 0.0121 0.9795 -0.1959
1688633688.1154 160.1066 -203.2471 3.9349 -0.0416 0.0101 0.9839 -0.1734
1688633688.2149 159.5250 -203.4058 3.8049 -0.0394 0.0102 0.9875 -0.1523
1688633688.3158 158.9543 -203.5265 3.7911 -0.0410 0.0112 0.9902 -0.1333
1688633688.4146 158.3931 -203.6489 3.8268 -0.0445 0.0115 0.9922 -0.1161
1688633688.5152 157.8008 -203.7687 3.8137 -0.0479 0.0099 0.9938 -0.0998
1688633688.6148 157.1502 -203.8935 3.7217 -0.0492 0.0083 0.9951 -0.0854
1688633688.7154 156.5067 -203.9814 3.6360 -0.0475 0.0097 0.9962 -0.0730
1688633688.8163 155.8646 -204.0339 3.6009 -0.0436 0.0132 0.9970 -0.0628
1688633688.9144 155.2266 -204.0872 3.5945 -0.0402 0.0153 0.9976 -0.0538
1688633689.0148 154.5636 -204.1462 3.5379 -0.0383 0.0144 0.9981 -0.0464
1688633689.1153 153.8645 -204.2277 3.4662 -0.0381 0.0131 0.9984 -0.0405
1688633689.2154 153.1705 -204.2920 3.4106 -0.0388 0.0132 0.9985 -0.0363
1688633689.3149 152.4727 -204.3312 3.3914 -0.0389 0.0135 0.9986 -0.0335
1688633689.4155 151.7520 -204.3741 3.3579 -0.0380 0.0132 0.9987 -0.0315
1688633689.5153 151.0095 -204.4093 3.3092 -0.0364 0.0128 0.9988 -0.0289
1688633689.6151 150.2746 -204.4686 3.2780 -0.0339 0.0113 0.9990 -0.0263
1688633689.7157 149.5232 -204.5472 3.2418 -0.0301 0.0103 0.9992 -0.0241
1688633689.8147 148.7593 -204.5931 3.2013 -0.0257 0.0102 0.9994 -0.0222
1688633689.9151 147.9821 -204.6004 3.1690 -0.0228 0.0097 0.9995 -0.0202
1688633690.0151 147.2075 -204.6305 3.1513 -0.0216 0.0098 0.9996 -0.0183
1688633690.1146 146.3957 -204.6706 3.1330 -0.0208 0.0107 0.9996 -0.0161
1688633690.2154 145.6025 -204.6994 3.1052 -0.0189 0.0101 0.9997 -0.0140
1688633690.3162 144.8116 -204.7216 3.0913 -0.0150 0.0097 0.9998 -0.0127
1688633690.4154 143.9990 -204.7536 3.0862 -0.0096 0.0101 0.9998 -0.0124
1688633690.5168 143.1605 -204.7694 3.0828 -0.0058 0.0108 0.9999 -0.0120
1688633690.6174 142.3412 -204.7949 3.0858 -0.0042 0.0114 0.9999 -0.0117
1688633690.7158 141.4999 -204.8254 3.1029 -0.0040 0.0118 0.9999 -0.0112
1688633690.8160 140.6629 -204.8564 3.0966 -0.0039 0.0123 0.9999 -0.0109
1688633690.9168 139.8196 -204.8618 3.0924 -0.0040 0.0124 0.9999 -0.0107
1688633691.0164 138.9789 -204.8854 3.0985 -0.0046 0.0150 0.9998 -0.0104
1688633691.1155 138.1294 -204.9140 3.1191 -0.0041 0.0170 0.9998 -0.0098
1688633691.2158 137.2657 -204.9375 3.1333 -0.0013 0.0161 0.9998 -0.0094
1688633691.3162 136.3823 -204.9440 3.1582 0.0015 0.0137 0.9999 -0.0092
1688633691.4166 135.5168 -204.9607 3.1755 0.0000 0.0123 0.9999 -0.0089
1688633691.5160 134.6638 -204.9914 3.1744 -0.0056 0.0131 0.9999 -0.0087
1688633691.6169 133.8161 -205.0300 3.1366 -0.0094 0.0143 0.9998 -0.0084
1688633691.7173 132.9402 -205.0595 3.1352 -0.0083 0.0154 0.9998 -0.0082
1688633691.8162 132.0568 -205.0781 3.1852 -0.0042 0.0168 0.9998 -0.0077
1688633691.9155 131.1680 -205.0782 3.2240 -0.0000 0.0182 0.9998 -0.0070
1688633692.0152 130.2873 -205.0778 3.2406 0.0015 0.0190 0.9998 -0.0066
1688633692.1157 129.4190 -205.0881 3.2389 0.0010 0.0183 0.9998 -0.0063
1688633692.2154 128.5525 -205.1172 3.2269 -0.0002 0.0179 0.9998 -0.0063
1688633692.3152 127.6535 -205.1428 3.2454 0.0010 0.0175 0.9998 -0.0058
1688633692.4156 126.7537 -205.1512 3.2940 0.0036 0.0170 0.9998 -0.0052
1688633692.5147 125.8633 -205.1578 3.3384 0.0043 0.0160 0.9999 -0.0049
1688633692.6148 124.9479 -205.1692 3.3429 0.0015 0.0157 0.9999 -0.0042
1688633692.7157 124.0719 -205.2055 3.3248 -0.0028 0.0174 0.9998 -0.0041
1688633692.8141 123.1751 -205.2233 3.3132 -0.0054 0.0211 0.9998 -0.0036
1688633692.9147 122.2866 -205.2232 3.3426 -0.0055 0.0235 0.9997 -0.0026
1688633693.0160 121.3870 -205.2135 3.3761 -0.0042 0.0241 0.9997 -0.0019
1688633693.1155 120.4885 -205.2288 3.3922 -0.0031 0.0252 0.9997 -0.0015
1688633693.2150 119.5726 -205.2395 3.3951 -0.0027 0.0254 0.9997 -0.0015
1688633693.3149 118.6528 -205.2567 3.3968 -0.0029 0.0240 0.9997 -0.0015
1688633693.4152 117.7506 -205.2629 3.3996 -0.0031 0.0231 0.9997 -0.0008
1688633693.5166 116.8659 -205.2591 3.4062 -0.0030 0.0237 0.9997 -0.0004
1688633693.6162 115.9897 -205.2607 3.4303 -0.0033 0.0245 0.9997 -0.0007
1688633693.7166 115.0886 -205.2751 3.4466 -0.0046 0.0245 0.9997 -0.0015
1688633693.8164 114.1554 -205.2778 3.4463 -0.0056 0.0243 0.9997 -0.0031
1688633693.9151 113.2692 -205.2779 3.4587 -0.0061 0.0243 0.9997 -0.0044
1688633694.0158 112.3770 -205.2956 3.4536 -0.0046 0.0245 0.9997 -0.0059
1688633694.1157 111.4695 -205.3454 3.4527 -0.0008 0.0235 0.9997 -0.0079
1688633694.2150 110.5862 -205.3914 3.4821 0.0036 0.0200 0.9997 -0.0102
1688633694.3149 109.6983 -205.4229 3.5090 0.0070 0.0167 0.9998 -0.0124
1688633694.4152 108.8142 -205.4438 3.5368 0.0060 0.0145 0.9998 -0.0143
1688633694.5160 107.9117 -205.4807 3.5517 0.0006 0.0118 0.9998 -0.0160
1688633694.6155 106.9880 -205.5441 3.5653 -0.0054 0.0080 0.9998 -0.0178
1688633694.7148 106.0584 -205.6056 3.5785 -0.0068 0.0060 0.9998 -0.0201
1688633694.8159 105.1923 -205.6524 3.6027 -0.0037 0.0064 0.9997 -0.0224
1688633694.9164 104.3244 -205.6969 3.6311 0.0009 0.0079 0.9997 -0.0250
1688633695.0164 103.4379 -205.7463 3.6335 0.0028 0.0088 0.9996 -0.0274
1688633695.1148 102.5315 -205.8044 3.6276 0.0009 0.0100 0.9995 -0.0291
1688633695.2161 101.6310 -205.8643 3.6578 -0.0033 0.0115 0.9995 -0.0308
1688633695.3146 100.7419 -205.9351 3.6844 -0.0067 0.0116 0.9994 -0.0330
1688633695.4145 99.8440 -205.9978 3.6976 -0.0072 0.0114 0.9993 -0.0355
1688633695.5148 98.9603 -206.0618 3.7069 -0.0056 0.0120 0.9992 -0.0377
1688633695.6145 98.0710 -206.1406 3.7166 -0.0036 0.0127 0.9991 -0.0397
1688633695.7159 97.2081 -206.2403 3.7093 -0.0020 0.0129 0.9991 -0.0410
1688633695.8147 96.3566 -206.3169 3.7259 -0.0006 0.0122 0.9990 -0.0419
1688633695.9145 95.5068 -206.3960 3.7513 0.0004 0.0108 0.9990 -0.0431
1688633696.0159 94.6635 -206.4714 3.7714 0.0011 0.0090 0.9990 -0.0447
1688633696.1148 93.8237 -206.5586 3.7890 0.0006 0.0083 0.9989 -0.0462
1688633696.2154 92.9941 -206.6709 3.8054 -0.0014 0.0078 0.9989 -0.0471
1688633696.3152 92.1380 -206.7639 3.8325 -0.0037 0.0059 0.9988 -0.0478
1688633696.4154 91.2843 -206.8376 3.8416 -0.0044 0.0049 0.9988 -0.0484
1688633696.5163 90.4889 -206.9272 3.8589 -0.0034 0.0054 0.9988 -0.0495
1688633696.6149 89.7021 -207.0284 3.8721 -0.0021 0.0062 0.9987 -0.0510
1688633696.7149 88.8985 -207.1180 3.8752 -0.0015 0.0063 0.9986 -0.0524
1688633696.8150 88.0795 -207.2113 3.8907 -0.0017 0.0065 0.9985 -0.0539
1688633696.9145 87.2667 -207.3072 3.9071 -0.0015 0.0083 0.9984 -0.0558
1688633697.0143 86.4728 -207.3899 3.9297 -0.0003 0.0117 0.9982 -0.0580
1688633697.1154 85.7162 -207.4784 3.9662 0.0014 0.0151 0.9980 -0.0612
1688633697.2148 84.9708 -207.5930 3.9893 0.0029 0.0168 0.9977 -0.0651
1688633697.3145 84.2090 -207.7206 3.9816 0.0034 0.0167 0.9974 -0.0695
1688633697.4146 83.4341 -207.8228 3.9886 0.0018 0.0166 0.9971 -0.0739
1688633697.5165 82.6639 -207.9328 4.0223 -0.0007 0.0190 0.9968 -0.0778
1688633697.6156 81.9149 -208.0608 4.0673 -0.0023 0.0217 0.9964 -0.0821
1688633697.7159 81.1811 -208.2024 4.0967 -0.0018 0.0231 0.9960 -0.0866
1688633697.8154 80.4810 -208.3515 4.0969 -0.0006 0.0230 0.9956 -0.0912
1688633697.9144 79.7526 -208.4929 4.0756 -0.0016 0.0207 0.9952 -0.0956
1688633698.0160 79.0284 -208.6194 4.0430 -0.0048 0.0257 0.9947 -0.0998
1688633698.1155 78.3082 -208.7595 4.1557 -0.0068 0.0358 0.9940 -0.1035
1688633698.2155 77.6029 -208.9271 4.3126 -0.0019 0.0377 0.9936 -0.1069
1688633698.3159 76.9323 -209.1151 4.2605 0.0078 0.0296 0.9934 -0.1107
1688633698.4157 76.2507 -209.2839 4.0662 0.0139 0.0258 0.9930 -0.1148
1688633698.5141 75.5575 -209.4523 4.0127 0.0104 0.0287 0.9924 -0.1190
1688633698.6150 74.8506 -209.6343 4.2334 0.0003 0.0292 0.9921 -0.1219
1688633698.7154 74.1386 -209.8260 4.4570 -0.0045 0.0252 0.9920 -0.1239
1688633698.8158 73.4435 -210.0179 4.4459 0.0006 0.0217 0.9918 -0.1261
1688633698.9151 72.7754 -210.2210 4.2679 0.0083 0.0220 0.9915 -0.1282
1688633699.0154 72.0764 -210.4186 4.1823 0.0108 0.0238 0.9912 -0.1298
1688633699.1151 71.3920 -210.6102 4.2973 0.0069 0.0237 0.9911 -0.1306
1688633699.2157 70.6993 -210.7897 4.4562 0.0014 0.0224 0.9911 -0.1311
1688633699.3148 70.0021 -210.9696 4.5176 -0.0004 0.0218 0.9911 -0.1313
1688633699.4143 69.3295 -211.1636 4.4692 0.0015 0.0218 0.9911 -0.1313
1688633699.5148 68.6565 -211.3541 4.4206 0.0038 0.0215 0.9912 -0.1304
1688633699.6149 67.9599 -211.5429 4.4512 0.0041 0.0199 0.9914 -0.1290
1688633699.7142 67.2605 -211.7376 4.4955 0.0034 0.0180 0.9917 -0.1271
1688633699.8152 66.5607 -211.9217 4.5214 0.0034 0.0179 0.9921 -0.1245
1688633699.9144 65.8684 -212.0897 4.5435 0.0040 0.0191 0.9924 -0.1211
1688633700.0143 65.1848 -212.2619 4.5744 0.0045 0.0199 0.9929 -0.1170
1688633700.1153 64.4736 -212.4294 4.6061 0.0047 0.0191 0.9934 -0.1127
1688633700.2160 63.7466 -212.5967 4.6088 0.0040 0.0169 0.9940 -0.1084
1688633700.3149 63.0413 -212.7613 4.6048 0.0028 0.0150 0.9945 -0.1039
1688633700.4155 62.3315 -212.9087 4.6278 0.0022 0.0143 0.9949 -0.0993
1688633700.5142 61.6220 -213.0451 4.6649 0.0027 0.0148 0.9954 -0.0949
1688633700.6147 60.9024 -213.1663 4.6956 0.0033 0.0157 0.9958 -0.0902
1688633700.7157 60.1601 -213.2962 4.7222 0.0021 0.0149 0.9962 -0.0854
1688633700.8145 59.4157 -213.4394 4.7084 -0.0010 0.0127 0.9967 -0.0805
1688633700.9144 58.6641 -213.5510 4.6779 -0.0060 0.0128 0.9970 -0.0756
1688633701.0140 57.9049 -213.6608 4.7260 -0.0122 0.0132 0.9973 -0.0714
1688633701.1140 57.1723 -213.7628 4.7889 -0.0134 0.0132 0.9976 -0.0669
1688633701.2151 56.4376 -213.8446 4.7632 -0.0049 0.0184 0.9979 -0.0620
1688633701.3138 55.7078 -213.9034 4.7874 0.0100 0.0256 0.9980 -0.0571
1688633701.4149 54.9544 -213.9924 4.8155 0.0191 0.0268 0.9981 -0.0517
1688633701.5144 54.1440 -214.0790 4.7325 0.0133 0.0227 0.9986 -0.0462
1688633701.6154 53.3334 -214.1470 4.6830 -0.0031 0.0222 0.9989 -0.0412
1688633701.7149 52.5591 -214.1821 4.8334 -0.0158 0.0256 0.9989 -0.0367
1688633701.8162 51.8103 -214.2401 5.0211 -0.0142 0.0295 0.9989 -0.0323
1688633701.9141 51.0412 -214.2914 5.0014 -0.0023 0.0289 0.9992 -0.0281
1688633702.0161 50.2216 -214.3425 4.8146 0.0070 0.0244 0.9994 -0.0238
1688633702.1147 49.4003 -214.3832 4.6941 0.0066 0.0207 0.9996 -0.0203
1688633702.2145 48.6104 -214.4111 4.7883 0.0005 0.0201 0.9996 -0.0174
1688633702.3151 47.8132 -214.4497 4.9689 -0.0044 0.0225 0.9996 -0.0149
1688633702.4145 46.9925 -214.4729 5.0569 -0.0058 0.0228 0.9996 -0.0126
1688633702.5144 46.1541 -214.5036 4.9704 -0.0051 0.0211 0.9997 -0.0105
1688633702.6149 45.3026 -214.5239 4.8573 -0.0048 0.0200 0.9998 -0.0086
1688633702.7148 44.4701 -214.5327 4.8965 -0.0021 0.0197 0.9998 -0.0068
1688633702.8158 43.6577 -214.5502 4.9853 0.0025 0.0205 0.9998 -0.0055
1688633702.9149 42.8280 -214.5643 4.9925 0.0065 0.0206 0.9998 -0.0048
1688633703.0150 41.9632 -214.5839 4.9200 0.0051 0.0215 0.9997 -0.0042
1688633703.1141 41.0933 -214.5810 4.9678 0.0002 0.0216 0.9998 -0.0025
1688633703.2162 40.2279 -214.5858 5.0852 -0.0020 0.0197 0.9998 -0.0008
1688633703.3154 39.3550 -214.6097 5.0996 0.0014 0.0182 0.9998 0.0001
1688633703.4160 38.5032 -214.6189 5.0224 0.0047 0.0187 0.9998 0.0003
1688633703.5162 37.6304 -214.6182 5.0143 0.0020 0.0189 0.9998 0.0008
1688633703.6151 36.7365 -214.6145 5.0689 -0.0043 0.0177 0.9998 0.0021
1688633703.7153 35.8211 -214.6130 5.1292 -0.0075 0.0173 0.9998 0.0038
1688633703.8149 34.9200 -214.6180 5.1405 -0.0049 0.0188 0.9998 0.0047
1688633703.9149 34.0507 -214.6213 5.1227 0.0001 0.0208 0.9998 0.0049
1688633704.0147 33.1691 -214.6154 5.1096 0.0025 0.0212 0.9998 0.0053
1688633704.1144 32.2618 -214.6060 5.1185 0.0004 0.0200 0.9998 0.0058
1688633704.2153 31.3328 -214.5922 5.1360 -0.0034 0.0201 0.9998 0.0062
1688633704.3143 30.4184 -214.5963 5.1732 -0.0066 0.0215 0.9997 0.0063
1688633704.4160 29.5040 -214.5848 5.1982 -0.0080 0.0221 0.9997 0.0062
1688633704.5158 28.5848 -214.5858 5.2036 -0.0073 0.0214 0.9997 0.0062
1688633704.6169 27.6626 -214.5760 5.1743 -0.0048 0.0203 0.9998 0.0062
1688633704.7151 26.7463 -214.5608 5.1412 -0.0033 0.0203 0.9998 0.0060
1688633704.8172 25.8102 -214.5506 5.1490 -0.0057 0.0211 0.9997 0.0059
1688633704.9149 24.8783 -214.5510 5.1921 -0.0107 0.0220 0.9997 0.0064
1688633705.0152 23.9287 -214.5608 5.2247 -0.0145 0.0221 0.9996 0.0065
1688633705.1140 22.9830 -214.5512 5.2099 -0.0132 0.0216 0.9997 0.0063
1688633705.2153 22.0568 -214.5351 5.1714 -0.0083 0.0213 0.9997 0.0062
1688633705.3141 21.1302 -214.5257 5.1505 -0.0047 0.0218 0.9997 0.0062
1688633705.4162 20.1646 -214.5196 5.1655 -0.0059 0.0221 0.9997 0.0065
1688633705.5147 19.1950 -214.5243 5.1759 -0.0102 0.0236 0.9996 0.0066
1688633705.6169 18.2347 -214.5127 5.2001 -0.0137 0.0261 0.9995 0.0068
1688633705.7145 17.3117 -214.5070 5.2211 -0.0135 0.0267 0.9995 0.0068
1688633705.8161 16.3750 -214.4966 5.1874 -0.0104 0.0262 0.9996 0.0066
1688633705.9150 15.4428 -214.4869 5.1674 -0.0069 0.0253 0.9996 0.0063
1688633706.0158 14.5229 -214.4850 5.1749 -0.0063 0.0247 0.9997 0.0062
1688633706.1151 13.5997 -214.4774 5.1911 -0.0086 0.0245 0.9996 0.0064
1688633706.2144 12.6845 -214.4734 5.2006 -0.0115 0.0245 0.9996 0.0065
1688633706.3140 11.7814 -214.4698 5.2097 -0.0130 0.0245 0.9996 0.0067
1688633706.4152 10.8938 -214.4712 5.2115 -0.0130 0.0240 0.9996 0.0067
1688633706.5145 10.0215 -214.4612 5.1702 -0.0126 0.0246 0.9996 0.0064
1688633706.6153 9.1660 -214.4481 5.1832 -0.0122 0.0267 0.9996 0.0062
1688633706.7155 8.2956 -214.4346 5.2309 -0.0107 0.0274 0.9995 0.0065
1688633706.8154 7.4232 -214.4396 5.2215 -0.0073 0.0263 0.9996 0.0069
1688633706.9153 6.5744 -214.4369 5.1980 -0.0049 0.0252 0.9996 0.0071
1688633707.0148 5.7428 -214.4316 5.2046 -0.0059 0.0250 0.9996 0.0071
1688633707.1153 4.8967 -214.4248 5.2172 -0.0094 0.0242 0.9996 0.0073
1688633707.2146 4.0566 -214.4283 5.2234 -0.0125 0.0236 0.9996 0.0073
1688633707.3153 3.2257 -214.4196 5.2221 -0.0141 0.0231 0.9996 0.0078
1688633707.4140 2.3734 -214.4259 5.2231 -0.0141 0.0220 0.9996 0.0080
1688633707.5140 1.5590 -214.4214 5.2035 -0.0129 0.0215 0.9997 0.0082
1688633707.6151 0.7447 -214.4044 5.1971 -0.0113 0.0221 0.9997 0.0088
1688633707.7134 -0.0866 -214.3920 5.2253 -0.0105 0.0222 0.9997 0.0092
1688633707.8155 -0.8743 -214.3887 5.2273 -0.0105 0.0214 0.9997 0.0092
1688633707.9141 -1.6704 -214.3889 5.1984 -0.0109 0.0209 0.9997 0.0093
1688633708.0170 -2.4741 -214.3708 5.1931 -0.0109 0.0213 0.9997 0.0095
1688633708.1149 -3.2757 -214.3473 5.2146 -0.0112 0.0214 0.9997 0.0102
1688633708.2146 -4.0568 -214.3547 5.2271 -0.0124 0.0202 0.9997 0.0106
1688633708.3145 -4.8233 -214.3577 5.2045 -0.0115 0.0188 0.9997 0.0110
1688633708.4143 -5.5810 -214.3423 5.1887 -0.0067 0.0192 0.9997 0.0113
1688633708.5155 -6.3113 -214.3139 5.2232 -0.0008 0.0211 0.9997 0.0117
1688633708.6142 -7.0429 -214.2872 5.2751 0.0002 0.0222 0.9997 0.0125
1688633708.7141 -7.7924 -214.2927 5.2800 -0.0052 0.0211 0.9997 0.0129
1688633708.8149 -8.5562 -214.3013 5.2308 -0.0107 0.0201 0.9997 0.0132
1688633708.9136 -9.3011 -214.2875 5.2127 -0.0104 0.0202 0.9997 0.0134
1688633709.0145 -10.0377 -214.2582 5.2574 -0.0062 0.0212 0.9997 0.0141
1688633709.1144 -10.7580 -214.2379 5.3050 -0.0030 0.0211 0.9997 0.0147
1688633709.2152 -11.4695 -214.2291 5.3021 -0.0040 0.0199 0.9997 0.0156
1688633709.3144 -12.2221 -214.2129 5.2607 -0.0079 0.0191 0.9996 0.0173
1688633709.4159 -12.9700 -214.1877 5.2437 -0.0115 0.0190 0.9996 0.0198
1688633709.5151 -13.6905 -214.1458 5.2570 -0.0122 0.0208 0.9995 0.0223
1688633709.6154 -14.3788 -214.1124 5.2978 -0.0105 0.0226 0.9994 0.0256
1688633709.7149 -15.0542 -214.0680 5.3219 -0.0084 0.0234 0.9993 0.0292
1688633709.8153 -15.7645 -214.0238 5.3062 -0.0069 0.0225 0.9992 0.0337
1688633709.9137 -16.4701 -213.9693 5.2755 -0.0060 0.0204 0.9990 0.0399
1688633710.0138 -17.1565 -213.9024 5.2671 -0.0056 0.0194 0.9987 0.0471
1688633710.1141 -17.8508 -213.8202 5.2832 -0.0055 0.0202 0.9982 0.0554
1688633710.2141 -18.5270 -213.7357 5.3086 -0.0070 0.0220 0.9976 0.0647
1688633710.3132 -19.2061 -213.6198 5.2996 -0.0105 0.0231 0.9968 0.0751
1688633710.4142 -19.9050 -213.4870 5.2713 -0.0134 0.0256 0.9958 0.0863
1688633710.5141 -20.5989 -213.3237 5.2726 -0.0137 0.0297 0.9946 0.0989
1688633710.6141 -21.2359 -213.1479 5.3179 -0.0109 0.0331 0.9931 0.1122
1688633710.7144 -21.8692 -212.9880 5.3360 -0.0058 0.0327 0.9915 0.1258
1688633710.8139 -22.4967 -212.8276 5.2744 -0.0018 0.0304 0.9898 0.1393
1688633710.9142 -23.1727 -212.6097 5.2055 -0.0014 0.0310 0.9877 0.1532
1688633711.0138 -23.8291 -212.3535 5.2332 -0.0020 0.0345 0.9854 0.1669
1688633711.1143 -24.4479 -212.0982 5.3321 -0.0003 0.0357 0.9829 0.1807
1688633711.2149 -25.0554 -211.8406 5.3708 0.0043 0.0315 0.9803 0.1950
1688633711.3141 -25.6703 -211.5906 5.3190 0.0088 0.0239 0.9776 0.2088
1688633711.4145 -26.2996 -211.3090 5.2327 0.0088 0.0188 0.9747 0.2226
1688633711.5152 -26.9337 -210.9731 5.2210 0.0038 0.0205 0.9714 0.2367
1688633711.6143 -27.5243 -210.6085 5.3082 -0.0019 0.0257 0.9679 0.2499
1688633711.7147 -28.1300 -210.2516 5.4068 -0.0032 0.0277 0.9644 0.2629
1688633711.8137 -28.7076 -209.9023 5.3944 -0.0014 0.0247 0.9609 0.2756
1688633711.9146 -29.2612 -209.5367 5.3013 -0.0006 0.0198 0.9576 0.2873
1688633712.0133 -29.8228 -209.1408 5.2450 -0.0017 0.0186 0.9542 0.2985
1688633712.1148 -30.4074 -208.7074 5.2725 -0.0027 0.0228 0.9505 0.3099
1688633712.2153 -30.9861 -208.2633 5.3635 -0.0018 0.0274 0.9466 0.3213
1688633712.3142 -31.5009 -207.8214 5.4106 0.0006 0.0280 0.9430 0.3317
1688633712.4142 -31.9986 -207.3860 5.3569 0.0014 0.0258 0.9393 0.3422
1688633712.5162 -32.5263 -206.9207 5.2839 -0.0002 0.0240 0.9355 0.3526
1688633712.6145 -33.0903 -206.4318 5.2678 -0.0025 0.0243 0.9312 0.3636
1688633712.7165 -33.6124 -205.9287 5.2953 -0.0027 0.0265 0.9273 0.3735
1688633712.8148 -34.0899 -205.4202 5.3318 -0.0014 0.0300 0.9235 0.3824
1688633712.9158 -34.5695 -204.9286 5.3587 -0.0014 0.0317 0.9197 0.3914
1688633713.0144 -35.0516 -204.4050 5.3361 -0.0026 0.0296 0.9159 0.4004
1688633713.1156 -35.5361 -203.8552 5.2688 -0.0032 0.0262 0.9120 0.4093
1688633713.2145 -35.9889 -203.3085 5.2401 -0.0024 0.0242 0.9083 0.4176
1688633713.3144 -36.4507 -202.7592 5.2722 -0.0025 0.0242 0.9047 0.4254
1688633713.4147 -36.9144 -202.2101 5.2844 -0.0041 0.0260 0.9009 0.4333
1688633713.5142 -37.3804 -201.6169 5.2697 -0.0064 0.0281 0.8968 0.4416
1688633713.6142 -37.8161 -201.0024 5.2436 -0.0080 0.0298 0.8927 0.4495
1688633713.7141 -38.2250 -200.4147 5.2274 -0.0091 0.0302 0.8887 0.4575
1688633713.8143 -38.6595 -199.8066 5.1979 -0.0101 0.0299 0.8845 0.4655
1688633713.9139 -39.0680 -199.1945 5.1644 -0.0087 0.0302 0.8803 0.4734
1688633714.0156 -39.4506 -198.5657 5.1732 -0.0046 0.0306 0.8761 0.4812
1688633714.1143 -39.8250 -197.9431 5.1935 -0.0012 0.0298 0.8715 0.4895
1688633714.2134 -40.1902 -197.2926 5.1713 -0.0012 0.0291 0.8668 0.4978
1688633714.3137 -40.5772 -196.6246 5.1241 -0.0054 0.0301 0.8621 0.5058
1688633714.4144 -40.9519 -195.9498 5.0941 -0.0105 0.0311 0.8573 0.5138
1688633714.5149 -41.3167 -195.2900 5.0746 -0.0132 0.0283 0.8523 0.5222
1688633714.6142 -41.6552 -194.6180 5.0267 -0.0106 0.0260 0.8468 0.5312
1688633714.7149 -41.9459 -193.9209 5.0278 -0.0058 0.0248 0.8407 0.5409
1688633714.8149 -42.2319 -193.2321 5.0824 -0.0032 0.0234 0.8340 0.5513
1688633714.9148 -42.5266 -192.5084 5.0403 -0.0041 0.0218 0.8270 0.5617
1688633715.0137 -42.7988 -191.7660 4.9431 -0.0062 0.0244 0.8201 0.5717
1688633715.1144 -43.0502 -191.0291 4.9465 -0.0102 0.0308 0.8128 0.5816
1688633715.2137 -43.2623 -190.3041 4.9530 -0.0130 0.0353 0.8054 0.5915
1688633715.3136 -43.4779 -189.5467 4.9290 -0.0105 0.0360 0.7977 0.6019
1688633715.4141 -43.6773 -188.7840 4.9341 -0.0059 0.0323 0.7901 0.6121
1688633715.5140 -43.8594 -188.0358 4.8965 -0.0038 0.0247 0.7825 0.6222
1688633715.6142 -44.0181 -187.2590 4.7982 -0.0051 0.0212 0.7743 0.6324
1688633715.7140 -44.1465 -186.4731 4.7562 -0.0079 0.0262 0.7662 0.6421
1688633715.8145 -44.2883 -185.6647 4.7908 -0.0113 0.0327 0.7580 0.6514
1688633715.9136 -44.4027 -184.8529 4.8233 -0.0122 0.0339 0.7503 0.6601
1688633716.0142 -44.4902 -184.0194 4.7626 -0.0102 0.0298 0.7429 0.6686
1688633716.1141 -44.5676 -183.2102 4.6771 -0.0080 0.0252 0.7359 0.6766
1688633716.2144 -44.6019 -182.3913 4.6165 -0.0059 0.0249 0.7294 0.6836
1688633716.3147 -44.6275 -181.5612 4.6301 -0.0045 0.0283 0.7233 0.6899
1688633716.4144 -44.6588 -180.7001 4.6731 -0.0046 0.0306 0.7181 0.6953
1688633716.5134 -44.6853 -179.8367 4.6134 -0.0056 0.0308 0.7137 0.6998
1688633716.6150 -44.7237 -178.9722 4.5278 -0.0070 0.0314 0.7103 0.7031
1688633716.7144 -44.7297 -178.0913 4.4728 -0.0073 0.0340 0.7084 0.7049
1688633716.8134 -44.7180 -177.2264 4.4776 -0.0066 0.0370 0.7074 0.7058
1688633716.9138 -44.7245 -176.3542 4.4741 -0.0055 0.0377 0.7067 0.7065
1688633717.0142 -44.7253 -175.4629 4.4314 -0.0035 0.0363 0.7062 0.7071
1688633717.1139 -44.7366 -174.5652 4.3869 -0.0015 0.0331 0.7056 0.7078
1688633717.2139 -44.7360 -173.6535 4.3353 -0.0000 0.0298 0.7051 0.7085
1688633717.3134 -44.7346 -172.7385 4.3061 0.0015 0.0276 0.7049 0.7088
1688633717.4151 -44.7233 -171.8453 4.2815 0.0026 0.0286 0.7049 0.7087
1688633717.5141 -44.7273 -170.9081 4.2854 -0.0009 0.0335 0.7050 0.7084
1688633717.6135 -44.7369 -169.9551 4.2515 -0.0066 0.0396 0.7050 0.7081
1688633717.7134 -44.7381 -169.0114 4.1687 -0.0071 0.0419 0.7047 0.7082
1688633717.8132 -44.7429 -168.0846 4.1406 -0.0018 0.0373 0.7045 0.7087
1688633717.9158 -44.7310 -167.1516 4.1462 0.0026 0.0318 0.7048 0.7087
1688633718.0147 -44.7315 -166.1952 4.1054 0.0015 0.0320 0.7049 0.7086
1688633718.1140 -44.7392 -165.2166 4.0250 -0.0022 0.0371 0.7048 0.7085
1688633718.2139 -44.7455 -164.2341 4.0000 -0.0044 0.0402 0.7044 0.7086
1688633718.3139 -44.7533 -163.2727 3.9872 -0.0040 0.0390 0.7043 0.7088
1688633718.4141 -44.7592 -162.3001 3.9415 -0.0026 0.0357 0.7045 0.7088
1688633718.5143 -44.7571 -161.3130 3.8905 -0.0021 0.0343 0.7047 0.7086
1688633718.6129 -44.7491 -160.3010 3.8487 -0.0027 0.0357 0.7046 0.7087
1688633718.7143 -44.7645 -159.2865 3.8143 -0.0042 0.0369 0.7044 0.7089
1688633718.8144 -44.7708 -158.2864 3.7728 -0.0053 0.0369 0.7044 0.7088
1688633718.9135 -44.7663 -157.2635 3.7199 -0.0059 0.0370 0.7047 0.7086
1688633719.0134 -44.7639 -156.2555 3.6645 -0.0053 0.0379 0.7046 0.7086
1688633719.1134 -44.7671 -155.2406 3.6436 -0.0034 0.0386 0.7042 0.7089
1688633719.2134 -44.7592 -154.2223 3.6042 -0.0018 0.0387 0.7038 0.7093
1688633719.3132 -44.7575 -153.1958 3.5668 -0.0016 0.0385 0.7036 0.7095
1688633719.4137 -44.7528 -152.1854 3.5194 -0.0016 0.0384 0.7037 0.7094
1688633719.5140 -44.7492 -151.1632 3.4730 -0.0021 0.0391 0.7038 0.7093
1688633719.6126 -44.7500 -150.1583 3.4412 -0.0036 0.0409 0.7036 0.7094
1688633719.7142 -44.7550 -149.1581 3.4054 -0.0050 0.0425 0.7033 0.7096
1688633719.8138 -44.7588 -148.1668 3.3628 -0.0052 0.0435 0.7031 0.7097
1688633719.9141 -44.7554 -147.1930 3.3238 -0.0054 0.0434 0.7031 0.7097
1688633720.0129 -44.7463 -146.2182 3.2724 -0.0053 0.0422 0.7032 0.7097
1688633720.1157 -44.7390 -145.2530 3.2248 -0.0050 0.0413 0.7032 0.7098
1688633720.2139 -44.7442 -144.3027 3.2033 -0.0052 0.0405 0.7030 0.7100
1688633720.3136 -44.7443 -143.3519 3.1643 -0.0059 0.0398 0.7030 0.7100
1688633720.4131 -44.7438 -142.4089 3.0989 -0.0059 0.0405 0.7030 0.7100
1688633720.5137 -44.7340 -141.4927 3.0775 -0.0064 0.0414 0.7028 0.7102
1688633720.6138 -44.7372 -140.5777 3.0329 -0.0069 0.0404 0.7028 0.7102
1688633720.7137 -44.7453 -139.6668 2.9902 -0.0058 0.0382 0.7028 0.7104
1688633720.8144 -44.7454 -138.7514 2.9638 -0.0053 0.0365 0.7030 0.7102
1688633720.9131 -44.7415 -137.8498 2.9267 -0.0064 0.0371 0.7030 0.7102
1688633721.0133 -44.7375 -136.9643 2.8849 -0.0077 0.0385 0.7027 0.7105
1688633721.1134 -44.7316 -136.0918 2.8444 -0.0078 0.0393 0.7024 0.7107
1688633721.2139 -44.7240 -135.2281 2.8085 -0.0069 0.0394 0.7022 0.7108
1688633721.3129 -44.7144 -134.3624 2.7881 -0.0060 0.0394 0.7023 0.7108
1688633721.4134 -44.7083 -133.5119 2.7538 -0.0060 0.0397 0.7020 0.7110
1688633721.5132 -44.7000 -132.6676 2.7062 -0.0062 0.0407 0.7010 0.7119
1688633721.6139 -44.6908 -131.8226 2.6613 -0.0064 0.0413 0.6997 0.7132
1688633721.7146 -44.6941 -130.9775 2.6335 -0.0061 0.0405 0.6983 0.7146
1688633721.8128 -44.6794 -130.1591 2.6081 -0.0048 0.0382 0.6965 0.7166
1688633721.9129 -44.6457 -129.3556 2.5644 -0.0036 0.0360 0.6942 0.7188
1688633722.0131 -44.6102 -128.5552 2.5348 -0.0038 0.0364 0.6913 0.7216
1688633722.1138 -44.5741 -127.7459 2.5073 -0.0055 0.0381 0.6881 0.7246
1688633722.2141 -44.5353 -126.9553 2.4734 -0.0068 0.0387 0.6845 0.7279
1688633722.3142 -44.4851 -126.1912 2.4431 -0.0066 0.0377 0.6807 0.7316
1688633722.4134 -44.4144 -125.4267 2.4113 -0.0065 0.0373 0.6759 0.7360
1688633722.5132 -44.3396 -124.6582 2.3691 -0.0080 0.0392 0.6703 0.7410
1688633722.6130 -44.2516 -123.9008 2.3512 -0.0099 0.0412 0.6641 0.7465
1688633722.7135 -44.1612 -123.1598 2.3058 -0.0113 0.0395 0.6575 0.7524
1688633722.8137 -44.0520 -122.4375 2.2594 -0.0087 0.0347 0.6501 0.7590
1688633722.9135 -43.9106 -121.7475 2.2317 -0.0050 0.0311 0.6416 0.7664
1688633723.0137 -43.7663 -121.0563 2.2453 -0.0047 0.0314 0.6319 0.7744
1688633723.1140 -43.6049 -120.3350 2.2025 -0.0086 0.0346 0.6215 0.7826
1688633723.2143 -43.4271 -119.6154 2.1222 -0.0136 0.0395 0.6110 0.7905
1688633723.3136 -43.2256 -118.9311 2.0789 -0.0150 0.0428 0.6007 0.7982
1688633723.4148 -43.0034 -118.2832 2.0645 -0.0120 0.0412 0.5898 0.8064
1688633723.5151 -42.7548 -117.6628 2.0934 -0.0077 0.0350 0.5780 0.8153
1688633723.6134 -42.5148 -117.0242 2.0813 -0.0075 0.0266 0.5658 0.8241
1688633723.7135 -42.2709 -116.3570 1.9564 -0.0118 0.0208 0.5536 0.8324
1688633723.8134 -41.9749 -115.6963 1.8479 -0.0160 0.0227 0.5414 0.8403
1688633723.9143 -41.6553 -115.0574 1.8309 -0.0165 0.0295 0.5293 0.8478
1688633724.0134 -41.3228 -114.4353 1.9081 -0.0132 0.0311 0.5174 0.8551
1688633724.1139 -40.9798 -113.8240 1.9592 -0.0086 0.0257 0.5061 0.8621
1688633724.2149 -40.5987 -113.2276 1.8751 -0.0073 0.0190 0.4955 0.8683
1688633724.3142 -40.1891 -112.6219 1.7614 -0.0092 0.0196 0.4861 0.8736
1688633724.4140 -39.8035 -112.0009 1.7106 -0.0126 0.0262 0.4781 0.8778
1688633724.5149 -39.4313 -111.3800 1.7343 -0.0118 0.0320 0.4711 0.8814
1688633724.6140 -39.0459 -110.7799 1.7571 -0.0068 0.0317 0.4658 0.8843
1688633724.7130 -38.6072 -110.2110 1.7564 -0.0032 0.0274 0.4625 0.8862
1688633724.8139 -38.1657 -109.6357 1.6991 -0.0045 0.0248 0.4610 0.8871
1688633724.9143 -37.7343 -109.0320 1.6094 -0.0094 0.0271 0.4604 0.8873
1688633725.0127 -37.3439 -108.3982 1.5379 -0.0113 0.0316 0.4601 0.8872
1688633725.1132 -36.9362 -107.7673 1.5342 -0.0064 0.0345 0.4614 0.8865
1688633725.2131 -36.5258 -107.1729 1.5964 0.0009 0.0326 0.4650 0.8847
1688633725.3143 -36.1168 -106.6032 1.6184 0.0038 0.0260 0.4702 0.8822
1688633725.4140 -35.7147 -105.9974 1.5218 0.0023 0.0194 0.4760 0.8792
1688633725.5145 -35.3140 -105.3487 1.4026 0.0006 0.0189 0.4822 0.8759
1688633725.6135 -34.9163 -104.6852 1.3940 0.0010 0.0251 0.4889 0.8720
1688633725.7134 -34.5641 -104.0125 1.4697 0.0023 0.0322 0.4965 0.8674
1688633725.8129 -34.2302 -103.3570 1.4840 0.0027 0.0350 0.5053 0.8623
1688633725.9133 -33.8880 -102.7059 1.4238 0.0021 0.0331 0.5151 0.8565
1688633726.0140 -33.5450 -102.0324 1.3591 0.0012 0.0296 0.5258 0.8501
1688633726.1132 -33.2318 -101.3453 1.3164 0.0011 0.0276 0.5369 0.8432
1688633726.2128 -32.9532 -100.6422 1.3061 0.0022 0.0286 0.5484 0.8357
1688633726.3131 -32.7038 -99.9352 1.3193 0.0039 0.0309 0.5605 0.8275
1688633726.4129 -32.4585 -99.2222 1.3216 0.0045 0.0316 0.5737 0.8185
1688633726.5136 -32.2380 -98.4984 1.2842 0.0036 0.0309 0.5876 0.8086
1688633726.6136 -32.0364 -97.7595 1.2203 0.0025 0.0311 0.6021 0.7978
1688633726.7131 -31.8572 -97.0051 1.1871 0.0019 0.0334 0.6168 0.7864
1688633726.8128 -31.7246 -96.2474 1.2088 0.0022 0.0361 0.6318 0.7743
1688633726.9145 -31.6240 -95.5026 1.2113 0.0021 0.0368 0.6467 0.7619
1688633727.0142 -31.5454 -94.7405 1.1644 0.0022 0.0369 0.6618 0.7488
1688633727.1147 -31.4908 -93.9688 1.1086 0.0018 0.0377 0.6770 0.7350
1688633727.2141 -31.4739 -93.2091 1.0842 0.0016 0.0389 0.6920 0.7209
1688633727.3146 -31.4917 -92.4500 1.0804 0.0025 0.0394 0.7065 0.7066
1688633727.4138 -31.5366 -91.6755 1.0629 0.0044 0.0399 0.7206 0.6922
1688633727.5129 -31.6181 -90.9014 1.0516 0.0053 0.0394 0.7346 0.6773
1688633727.6150 -31.7399 -90.1421 1.0102 0.0055 0.0389 0.7484 0.6621
1688633727.7137 -31.8771 -89.3816 0.9938 0.0061 0.0382 0.7620 0.6464
1688633727.8131 -32.0466 -88.6374 0.9835 0.0065 0.0373 0.7754 0.6304
1688633727.9134 -32.2512 -87.8742 0.9638 0.0053 0.0374 0.7880 0.6145
1688633728.0132 -32.5023 -87.1238 0.9391 0.0029 0.0389 0.8003 0.5983
1688633728.1127 -32.7801 -86.3840 0.9259 0.0013 0.0402 0.8124 0.5817
1688633728.2122 -33.0641 -85.6670 0.9330 0.0026 0.0401 0.8241 0.5651
1688633728.3142 -33.3779 -84.9756 0.9376 0.0046 0.0382 0.8348 0.5492
1688633728.4132 -33.7227 -84.2729 0.9115 0.0046 0.0356 0.8444 0.5345
1688633728.5140 -34.1052 -83.5783 0.8718 0.0026 0.0340 0.8526 0.5215
1688633728.6139 -34.5019 -82.9030 0.8463 0.0010 0.0336 0.8593 0.5104
1688633728.7145 -34.8916 -82.2428 0.8661 0.0012 0.0335 0.8647 0.5011
1688633728.8131 -35.2887 -81.5884 0.8957 0.0013 0.0321 0.8689 0.4939
1688633728.9137 -35.7127 -80.9291 0.8714 -0.0001 0.0306 0.8718 0.4889
1688633729.0136 -36.1404 -80.2548 0.8252 -0.0020 0.0313 0.8734 0.4859
1688633729.1146 -36.5552 -79.5814 0.8130 -0.0029 0.0329 0.8742 0.4845
1688633729.2126 -36.9738 -78.9446 0.8342 -0.0024 0.0328 0.8745 0.4839
1688633729.3143 -37.3802 -78.3166 0.8423 -0.0006 0.0305 0.8746 0.4840
1688633729.4133 -37.7822 -77.6648 0.8066 0.0012 0.0286 0.8740 0.4851
1688633729.5131 -38.1861 -77.0025 0.7822 0.0006 0.0288 0.8729 0.4870
1688633729.6123 -38.6079 -76.3431 0.7798 -0.0023 0.0305 0.8714 0.4896
1688633729.7128 -39.0235 -75.6712 0.7616 -0.0057 0.0320 0.8697 0.4925
1688633729.8122 -39.4138 -75.0088 0.7430 -0.0069 0.0326 0.8678 0.4957
1688633729.9126 -39.7774 -74.3630 0.7589 -0.0055 0.0316 0.8655 0.4999
1688633730.0124 -40.1577 -73.7046 0.7462 -0.0040 0.0285 0.8625 0.5052
1688633730.1141 -40.5320 -73.0282 0.6995 -0.0030 0.0271 0.8590 0.5112
1688633730.2136 -40.8879 -72.3438 0.7173 -0.0045 0.0272 0.8550 0.5179
1688633730.3142 -41.2422 -71.6647 0.6771 -0.0076 0.0269 0.8503 0.5256
1688633730.4126 -41.5704 -70.9698 0.6149 -0.0073 0.0299 0.8446 0.5346
1688633730.5158 -41.8775 -70.2484 0.6581 -0.0065 0.0333 0.8383 0.5441
1688633730.6140 -42.1842 -69.5349 0.6913 -0.0085 0.0320 0.8316 0.5543
1688633730.7139 -42.4675 -68.7970 0.5778 -0.0106 0.0313 0.8245 0.5649
1688633730.8151 -42.7128 -68.0585 0.4993 -0.0108 0.0327 0.8169 0.5757
1688633730.9141 -42.9448 -67.3343 0.5349 -0.0076 0.0318 0.8090 0.5870
1688633731.0138 -43.1639 -66.6123 0.5296 -0.0014 0.0288 0.8003 0.5989
1688633731.1137 -43.3557 -65.8534 0.5392 0.0045 0.0263 0.7917 0.6104
1688633731.2139 -43.5285 -65.0888 0.5095 0.0066 0.0254 0.7830 0.6215
1688633731.3154 -43.6760 -64.3187 0.4763 0.0044 0.0261 0.7740 0.6326
1688633731.4130 -43.8089 -63.5327 0.4364 0.0007 0.0282 0.7651 0.6433
1688633731.5137 -43.9356 -62.7245 0.4127 -0.0011 0.0318 0.7566 0.6531
1688633731.6134 -44.0450 -61.9300 0.4504 -0.0005 0.0331 0.7488 0.6619
1688633731.7135 -44.1378 -61.1530 0.4642 0.0002 0.0292 0.7415 0.6703
1688633731.8130 -44.2055 -60.3526 0.3825 -0.0001 0.0253 0.7346 0.6780
1688633731.9124 -44.2433 -59.5369 0.3170 -0.0019 0.0256 0.7282 0.6849
1688633732.0133 -44.2819 -58.7031 0.3031 -0.0032 0.0295 0.7226 0.6907
1688633732.1145 -44.3235 -57.8802 0.3306 -0.0015 0.0326 0.7179 0.6954
1688633732.2141 -44.3401 -57.0719 0.3689 0.0016 0.0322 0.7144 0.6990
1688633732.3134 -44.3498 -56.2444 0.3040 0.0033 0.0299 0.7118 0.7017
1688633732.4122 -44.3482 -55.4004 0.2441 0.0034 0.0296 0.7095 0.7041
1688633732.5138 -44.3572 -54.5618 0.2281 0.0029 0.0307 0.7077 0.7058
1688633732.6122 -44.3635 -53.7221 0.2183 0.0027 0.0318 0.7062 0.7073
1688633732.7131 -44.3604 -52.8716 0.2427 0.0020 0.0331 0.7050 0.7084
1688633732.8131 -44.3732 -52.0064 0.2165 -0.0015 0.0329 0.7042 0.7092
1688633732.9132 -44.3808 -51.1406 0.1249 -0.0039 0.0321 0.7030 0.7105
1688633733.0129 -44.3773 -50.2754 0.0751 -0.0025 0.0318 0.7016 0.7119
1688633733.1120 -44.3620 -49.4096 0.1117 -0.0004 0.0318 0.7001 0.7133
1688633733.2120 -44.3509 -48.5289 0.1146 -0.0004 0.0300 0.6990 0.7145
1688633733.3122 -44.3330 -47.6494 0.0395 -0.0010 0.0283 0.6980 0.7156
1688633733.4122 -44.3109 -46.7644 -0.0227 -0.0010 0.0275 0.6970 0.7165
1688633733.5123 -44.3000 -45.8751 -0.0329 -0.0003 0.0280 0.6965 0.7170
1688633733.6140 -44.2742 -44.9747 -0.0162 0.0007 0.0299 0.6960 0.7175
1688633733.7131 -44.2505 -44.0710 -0.0191 0.0004 0.0318 0.6956 0.7178
1688633733.8131 -44.2281 -43.1603 -0.0635 -0.0011 0.0324 0.6955 0.7178
1688633733.9137 -44.2007 -42.2493 -0.1317 -0.0015 0.0328 0.6956 0.7177
1688633734.0126 -44.1739 -41.3383 -0.1724 0.0003 0.0357 0.6956 0.7176
1688633734.1125 -44.1398 -40.4091 -0.1499 0.0012 0.0388 0.6952 0.7178
1688633734.2134 -44.1223 -39.4822 -0.1653 0.0014 0.0399 0.6945 0.7184
1688633734.3150 -44.1011 -38.5681 -0.2225 0.0020 0.0388 0.6943 0.7186
1688633734.4126 -44.0692 -37.6562 -0.2760 0.0025 0.0380 0.6942 0.7187
1688633734.5158 -44.0440 -36.7454 -0.2852 0.0001 0.0377 0.6943 0.7187
1688633734.6143 -44.0298 -35.8286 -0.3251 -0.0031 0.0381 0.6942 0.7188
1688633734.7158 -44.0019 -34.9262 -0.3807 -0.0033 0.0387 0.6937 0.7192
1688633734.8135 -43.9698 -34.0483 -0.4025 -0.0003 0.0399 0.6931 0.7198
1688633734.9144 -43.9321 -33.1883 -0.3984 0.0033 0.0408 0.6926 0.7202
1688633735.0157 -43.8914 -32.3282 -0.4125 0.0054 0.0421 0.6923 0.7203
1688633735.1135 -43.8735 -31.4847 -0.4272 0.0048 0.0419 0.6919 0.7208
1688633735.2141 -43.8511 -30.6342 -0.4968 0.0036 0.0408 0.6918 0.7209
1688633735.3129 -43.8138 -29.7994 -0.5547 0.0040 0.0412 0.6918 0.7209
1688633735.4131 -43.7751 -28.9812 -0.5409 0.0045 0.0416 0.6914 0.7213
1688633735.5122 -43.7422 -28.1699 -0.5438 0.0056 0.0403 0.6908 0.7219
1688633735.6123 -43.7205 -27.3630 -0.5720 0.0065 0.0399 0.6903 0.7224
1688633735.7121 -43.6896 -26.5655 -0.6084 0.0056 0.0397 0.6901 0.7226
1688633735.8123 -43.6539 -25.7780 -0.6584 0.0039 0.0414 0.6900 0.7227
1688633735.9131 -43.6187 -25.0083 -0.6692 0.0034 0.0428 0.6897 0.7228
1688633736.0125 -43.5989 -24.2371 -0.6427 0.0033 0.0408 0.6897 0.7230
1688633736.1128 -43.5813 -23.4811 -0.6804 0.0035 0.0379 0.6895 0.7232
1688633736.2133 -43.5544 -22.7401 -0.7418 0.0037 0.0370 0.6894 0.7234
1688633736.3140 -43.5147 -22.0137 -0.7420 0.0026 0.0379 0.6890 0.7238
1688633736.4131 -43.4849 -21.2945 -0.7319 0.0005 0.0371 0.6886 0.7242
1688633736.5121 -43.4696 -20.5899 -0.7672 -0.0007 0.0353 0.6884 0.7245
1688633736.6125 -43.4459 -19.9190 -0.8102 -0.0012 0.0341 0.6883 0.7246
1688633736.7148 -43.4088 -19.2507 -0.8324 -0.0008 0.0346 0.6880 0.7249
1688633736.8147 -43.3627 -18.5925 -0.8104 -0.0009 0.0355 0.6875 0.7253
1688633736.9130 -43.3446 -17.9440 -0.8305 -0.0024 0.0350 0.6870 0.7258
1688633737.0130 -43.3265 -17.3154 -0.8736 -0.0022 0.0328 0.6861 0.7268
1688633737.1129 -43.2887 -16.7212 -0.8821 0.0010 0.0306 0.6845 0.7284
1688633737.2127 -43.2376 -16.1415 -0.8648 0.0031 0.0304 0.6822 0.7305
1688633737.3134 -43.1789 -15.5579 -0.8615 0.0011 0.0316 0.6793 0.7332
1688633737.4131 -43.1400 -14.9723 -0.9119 -0.0026 0.0334 0.6756 0.7365
1688633737.5130 -43.0873 -14.4016 -0.9531 -0.0069 0.0359 0.6714 0.7402
1688633737.6125 -43.0252 -13.8316 -0.9804 -0.0102 0.0376 0.6668 0.7442
1688633737.7136 -42.9643 -13.3064 -0.9715 -0.0107 0.0368 0.6612 0.7492
1688633737.8142 -42.8916 -12.8041 -0.9672 -0.0091 0.0339 0.6546 0.7552
1688633737.9129 -42.8056 -12.3071 -0.9789 -0.0083 0.0303 0.6472 0.7617
1688633738.0127 -42.7074 -11.8080 -1.0152 -0.0089 0.0276 0.6393 0.7684
1688633738.1126 -42.5954 -11.3283 -1.0850 -0.0091 0.0263 0.6310 0.7752
1688633738.2128 -42.4706 -10.8564 -1.1011 -0.0071 0.0274 0.6225 0.7821
1688633738.3126 -42.3458 -10.4011 -1.0464 -0.0061 0.0288 0.6134 0.7892
1688633738.4129 -42.2144 -9.9461 -1.0161 -0.0081 0.0290 0.6035 0.7968
1688633738.5121 -42.0685 -9.4903 -1.0891 -0.0126 0.0268 0.5929 0.8047
1688633738.6129 -41.9173 -9.0520 -1.1728 -0.0153 0.0243 0.5823 0.8125
1688633738.7112 -41.7631 -8.6303 -1.1984 -0.0150 0.0233 0.5720 0.8198
1688633738.8116 -41.5916 -8.2375 -1.1421 -0.0144 0.0239 0.5613 0.8271
1688633738.9131 -41.3984 -7.8590 -1.1154 -0.0141 0.0231 0.5495 0.8351
1688633739.0124 -41.1973 -7.4635 -1.1345 -0.0145 0.0192 0.5369 0.8433
1688633739.1123 -40.9905 -7.0521 -1.2202 -0.0154 0.0137 0.5244 0.8512
1688633739.2139 -40.7783 -6.6809 -1.2692 -0.0142 0.0125 0.5123 0.8586
1688633739.3137 -40.5551 -6.3323 -1.2205 -0.0131 0.0147 0.4999 0.8659
1688633739.4136 -40.3195 -5.9682 -1.1592 -0.0143 0.0162 0.4867 0.8733
1688633739.5141 -40.0681 -5.5863 -1.2034 -0.0177 0.0161 0.4733 0.8806
1688633739.6128 -39.7950 -5.2322 -1.2957 -0.0206 0.0167 0.4605 0.8873
1688633739.7118 -39.5134 -4.9067 -1.3491 -0.0205 0.0194 0.4477 0.8938
1688633739.8121 -39.2283 -4.5916 -1.2869 -0.0182 0.0235 0.4335 0.9007
1688633739.9123 -38.9433 -4.2740 -1.2186 -0.0169 0.0254 0.4180 0.9079
1688633740.0123 -38.6330 -3.9372 -1.2302 -0.0193 0.0246 0.4020 0.9151
1688633740.1118 -38.3066 -3.6295 -1.3453 -0.0223 0.0208 0.3861 0.9219
1688633740.2122 -37.9625 -3.3536 -1.4098 -0.0216 0.0172 0.3698 0.9287
1688633740.3140 -37.6096 -3.0898 -1.4035 -0.0181 0.0165 0.3530 0.9353
1688633740.4128 -37.2426 -2.8237 -1.3518 -0.0124 0.0190 0.3358 0.9416
1688633740.5122 -36.8769 -2.5627 -1.2803 -0.0104 0.0208 0.3185 0.9476
1688633740.6128 -36.4946 -2.3019 -1.2943 -0.0157 0.0188 0.3013 0.9532
1688633740.7137 -36.0986 -2.0464 -1.4502 -0.0237 0.0151 0.2845 0.9583
1688633740.8123 -35.6741 -1.8159 -1.5771 -0.0257 0.0137 0.2676 0.9631
1688633740.9122 -35.2480 -1.6214 -1.5032 -0.0209 0.0149 0.2510 0.9676
1688633741.0123 -34.8256 -1.4250 -1.3536 -0.0139 0.0160 0.2343 0.9719
1688633741.1122 -34.3966 -1.2237 -1.2914 -0.0115 0.0138 0.2171 0.9760
1688633741.2116 -33.9330 -1.0401 -1.3920 -0.0151 0.0085 0.1991 0.9798
1688633741.3119 -33.4115 -0.8810 -1.5747 -0.0198 0.0061 0.1815 0.9832
1688633741.4121 -32.8907 -0.7431 -1.6447 -0.0173 0.0104 0.1654 0.9860
1688633741.5116 -32.4148 -0.6115 -1.5069 -0.0092 0.0171 0.1506 0.9884
1688633741.6126 -31.9501 -0.4829 -1.3295 -0.0026 0.0188 0.1365 0.9905
1688633741.7133 -31.4397 -0.3430 -1.3260 -0.0035 0.0129 0.1228 0.9923
1688633741.8115 -30.8855 -0.2431 -1.4983 -0.0086 0.0045 0.1102 0.9939
1688633741.9116 -30.3235 -0.1868 -1.6389 -0.0099 0.0005 0.0988 0.9951
1688633742.0136 -29.7781 -0.1087 -1.6059 -0.0045 0.0028 0.0889 0.9960
1688633742.1113 -29.2429 -0.0083 -1.4576 0.0037 0.0077 0.0796 0.9968
1688633742.2124 -28.6676 0.0731 -1.3729 0.0080 0.0109 0.0704 0.9974
1688633742.3113 -28.0724 0.1386 -1.4501 0.0050 0.0133 0.0612 0.9980
1688633742.4129 -27.4738 0.1886 -1.5603 0.0010 0.0119 0.0531 0.9985
1688633742.5120 -26.8933 0.2278 -1.5641 0.0006 0.0056 0.0457 0.9989
1688633742.6120 -26.2956 0.2849 -1.5102 0.0035 -0.0011 0.0386 0.9992
1688633742.7124 -25.6814 0.3150 -1.4496 0.0075 -0.0061 0.0313 0.9995
1688633742.8136 -25.0466 0.3303 -1.4445 0.0087 -0.0077 0.0237 0.9997
1688633742.9128 -24.3685 0.3436 -1.4626 0.0067 -0.0044 0.0164 0.9998
1688633743.0125 -23.6888 0.3722 -1.4986 0.0056 0.0006 0.0102 0.9999
1688633743.1125 -23.0361 0.4003 -1.4697 0.0055 0.0016 0.0049 1.0000
1688633743.2130 -22.3916 0.4046 -1.4183 0.0063 -0.0026 0.0004 1.0000
1688633743.3137 -21.7186 0.3997 -1.3794 0.0035 -0.0082 -0.0034 1.0000
1688633743.4117 -21.0030 0.3922 -1.3854 -0.0013 -0.0112 -0.0066 0.9999
1688633743.5121 -20.2928 0.3795 -1.4384 -0.0044 -0.0109 -0.0092 0.9999
1688633743.6124 -19.5750 0.3748 -1.4249 -0.0036 -0.0077 -0.0109 0.9999
1688633743.7114 -18.8625 0.3764 -1.3457 -0.0017 -0.0036 -0.0116 0.9999
1688633743.8119 -18.1403 0.3698 -1.2821 -0.0019 -0.0017 -0.0119 0.9999
1688633743.9126 -17.3988 0.3659 -1.2779 -0.0065 -0.0019 -0.0116 0.9999
1688633744.0125 -16.6464 0.3632 -1.3591 -0.0102 -0.0033 -0.0107 0.9999
1688633744.1106 -15.9055 0.3410 -1.3780 -0.0072 -0.0049 -0.0098 0.9999
1688633744.2111 -15.1576 0.3068 -1.2618 -0.0020 -0.0047 -0.0092 0.9999
1688633744.3146 -14.3933 0.3087 -1.1676 -0.0011 -0.0041 -0.0092 0.9999
1688633744.4124 -13.6044 0.3171 -1.2016 -0.0034 -0.0040 -0.0090 0.9999
1688633744.5125 -12.8064 0.3049 -1.2701 -0.0050 -0.0030 -0.0083 0.9999
1688633744.6129 -12.0123 0.2841 -1.2593 -0.0039 -0.0009 -0.0075 1.0000
1688633744.7139 -11.2259 0.2798 -1.1900 -0.0019 0.0005 -0.0071 1.0000
1688633744.8124 -10.4471 0.2858 -1.1429 -0.0017 -0.0001 -0.0069 1.0000
1688633744.9126 -9.6458 0.2860 -1.1570 -0.0028 -0.0026 -0.0066 1.0000
1688633745.0116 -8.8261 0.2765 -1.1718 -0.0045 -0.0048 -0.0064 1.0000
1688633745.1117 -8.0216 0.2637 -1.1582 -0.0055 -0.0048 -0.0065 1.0000
1688633745.2122 -7.2123 0.2680 -1.1255 -0.0054 -0.0026 -0.0069 1.0000
1688633745.3114 -6.3929 0.2716 -1.1005 -0.0046 -0.0001 -0.0071 1.0000
1688633745.4113 -5.5728 0.2687 -1.0776 -0.0038 0.0014 -0.0074 1.0000
1688633745.5130 -4.7593 0.2508 -1.0668 -0.0040 0.0016 -0.0080 1.0000
1688633745.6125 -3.9469 0.2345 -1.0757 -0.0043 0.0010 -0.0089 1.0000
1688633745.7116 -3.1400 0.2242 -1.0837 -0.0024 0.0016 -0.0096 0.9999
1688633745.8123 -2.3223 0.2190 -1.0338 -0.0018 0.0020 -0.0097 0.9999
1688633745.9126 -1.5092 0.2305 -1.0160 -0.0040 0.0020 -0.0099 0.9999
1688633746.0136 -0.6897 0.2030 -1.0962 -0.0033 0.0020 -0.0100 0.9999
1688633746.1116 0.1165 0.1672 -1.0308 -0.0005 0.0047 -0.0102 0.9999
1688633746.2115 0.9264 0.1670 -0.9579 0.0005 0.0075 -0.0106 0.9999
1688633746.3125 1.7401 0.1824 -0.9906 -0.0016 0.0074 -0.0111 0.9999
1688633746.4120 2.5402 0.1637 -1.0085 -0.0030 0.0058 -0.0114 0.9999
1688633746.5114 3.3339 0.1162 -1.0780 0.0003 0.0048 -0.0117 0.9999
1688633746.6134 4.1118 0.0955 -0.9886 0.0055 0.0039 -0.0126 0.9999
1688633746.7122 4.8788 0.0857 -0.8777 0.0064 0.0006 -0.0142 0.9999
1688633746.8134 5.6703 0.0846 -0.9038 0.0022 -0.0024 -0.0157 0.9999
1688633746.9119 6.4717 0.0545 -1.0095 -0.0019 -0.0011 -0.0168 0.9999
1688633747.0137 7.2748 0.0182 -1.0100 -0.0022 0.0060 -0.0175 0.9998
1688633747.1130 8.0394 0.0133 -0.9342 -0.0012 0.0125 -0.0186 0.9997
1688633747.2124 8.7976 0.0111 -0.8917 -0.0019 0.0122 -0.0200 0.9997
1688633747.3135 9.5549 -0.0126 -0.9203 -0.0050 0.0071 -0.0217 0.9997
1688633747.4114 10.3193 -0.0514 -0.9318 -0.0096 0.0037 -0.0232 0.9997
1688633747.5121 11.0805 -0.0859 -0.9518 -0.0108 0.0047 -0.0247 0.9996
1688633747.6119 11.8406 -0.1198 -0.9761 -0.0088 0.0084 -0.0270 0.9996
1688633747.7123 12.6074 -0.1609 -0.9312 -0.0056 0.0117 -0.0292 0.9995
1688633747.8116 13.3646 -0.1886 -0.8498 -0.0068 0.0134 -0.0311 0.9994
1688633747.9115 14.1126 -0.2231 -0.9115 -0.0100 0.0142 -0.0329 0.9993
1688633748.0133 14.8446 -0.2750 -0.9908 -0.0096 0.0132 -0.0343 0.9993
1688633748.1128 15.5397 -0.3270 -0.9500 -0.0082 0.0076 -0.0362 0.9993
1688633748.2127 16.1881 -0.3738 -0.8535 -0.0109 0.0010 -0.0393 0.9992
1688633748.3125 16.8584 -0.4399 -0.8755 -0.0115 -0.0011 -0.0434 0.9990
1688633748.4134 17.5586 -0.5199 -0.9293 -0.0099 0.0046 -0.0489 0.9987
1688633748.5128 18.2708 -0.5827 -0.9283 -0.0084 0.0146 -0.0543 0.9984
1688633748.6124 18.9454 -0.6336 -0.8912 -0.0092 0.0197 -0.0598 0.9980
1688633748.7129 19.5641 -0.6982 -0.8718 -0.0117 0.0161 -0.0653 0.9977
1688633748.8130 20.1544 -0.8027 -0.8826 -0.0153 0.0081 -0.0707 0.9973
1688633748.9119 20.7723 -0.9182 -0.9092 -0.0158 0.0042 -0.0766 0.9969
1688633749.0136 21.4327 -1.0249 -0.9014 -0.0149 0.0067 -0.0831 0.9964
1688633749.1133 22.0939 -1.1263 -0.8803 -0.0142 0.0126 -0.0902 0.9957
1688633749.2138 22.7224 -1.2366 -0.8905 -0.0156 0.0171 -0.0964 0.9951
1688633749.3125 23.3200 -1.3564 -0.9210 -0.0169 0.0187 -0.1017 0.9945
1688633749.4122 23.9102 -1.5005 -0.9466 -0.0153 0.0178 -0.1059 0.9941
1688633749.5121 24.4962 -1.6527 -0.9183 -0.0103 0.0159 -0.1098 0.9938
1688633749.6120 25.0856 -1.7933 -0.8706 -0.0080 0.0140 -0.1136 0.9934
1688633749.7118 25.6830 -1.9232 -0.8722 -0.0092 0.0137 -0.1166 0.9930
1688633749.8118 26.2872 -2.0484 -0.9342 -0.0117 0.0160 -0.1182 0.9928
1688633749.9111 26.8771 -2.1899 -0.9910 -0.0113 0.0190 -0.1187 0.9927
1688633750.0109 27.4397 -2.3264 -0.9638 -0.0097 0.0208 -0.1182 0.9927
1688633750.1118 27.9918 -2.4529 -0.9192 -0.0086 0.0191 -0.1170 0.9929
1688633750.2107 28.5262 -2.5685 -0.9055 -0.0093 0.0152 -0.1153 0.9932
1688633750.3115 29.0692 -2.6895 -0.9476 -0.0108 0.0125 -0.1133 0.9934
1688633750.4110 29.6136 -2.8171 -0.9850 -0.0111 0.0133 -0.1107 0.9937
1688633750.5111 30.1545 -2.9261 -0.9821 -0.0102 0.0170 -0.1072 0.9940
